-0.03021786
0.01474053
0.08524059
-0.06930989
-0.09594462
0.04749883
0.08994859
0.08557389
-0.01418051
-0.14800186
-0.02930073
0.11361242
0.14784579
-0.05195118
-0.03673923
-0.03482966
0.10295578
0.08292367
0.01836568
-0.01364239
0.06740964
0.06403113
-0.07184817
-0.13497448
-0.15346725
-0.04646018
0.03202469
0.07192234
0.09801748
0.05887874
-0.00789036
-0.15694258
0.01672870
0.05151555
-0.01609913
-0.26809612
-0.19635580
-0.07029488
-0.05737091
0.01270181
-0.34185722
-0.14971820
-0.12690298
-0.02419928
0.00196899
-0.23759176
-0.19516744
-0.08752202
-0.03106401
0.00210938
-0.01199201
-0.00857691
-0.02424218
0.05762726
0.05930464
-0.27158266
-0.17020042
-0.01825557
0.09868408
0.00104075
-0.25389212
-0.13148195
0.09705816
0.06229742
-0.05308798
0.01904306
-0.01908114
0.06348941
0.13153434
0.05109968
-0.08157038
-0.13410464
0.01318487
-0.05390916
-0.01367677
0.07626678
0.04314845
0.19431326
0.02240058
-0.00465969
-0.01240129
0.10264995
0.19314799
-0.03176036
-0.06747507
-0.01823939
-0.04380325
0.10053845
-0.03338479
-0.14974681
-0.02662813
-0.06175742
-0.18192557
-0.14633706
-0.06891855
-0.13056025
-0.15471774
-0.06168595
-0.04708184
0.03632349
-0.04428677
0.05266747
0.15947013
0.07240468
0.03704097
-0.06577557
-0.05343415
0.02028550
0.04499541
-0.05408372
-0.08352572
-0.04085746
0.12566198
0.07017323
-0.05733725
-0.11714225
-0.01522254
0.03823111
0.02843823
0.00573478
-0.18715928
-0.03560196
0.03995183
-0.11219428
-0.03029072
0.01162244
-0.06807577
-0.11244501
-0.17538165
-0.13064785
-0.00196471
-0.07520237
-0.29969922
-0.27021462
-0.09447484
-0.06016430
-0.01718313
-0.16453256
-0.11311682
-0.09336230
-0.00298723
-0.00605182
-0.01186903
0.05896260
-0.06259041
-0.02467333
0.10666598
0.11617356
0.13824236
0.11513666
-0.04439086
0.01877852
-0.05592106
0.06458838
0.04448641
0.01539631
0.04452278
0.13390785
0.13700093
-0.06774560
0.09918984
-0.01119610
0.02015332
-0.10135949
-0.03133916
-0.07136006
-0.05136460
0.00876966
-0.01215240
-0.05435069
-0.17496304
0.00047608
-0.02126599
-0.02020241
-0.12670241
-0.16697432
-0.08628024
-0.18018293
-0.12293959
-0.08108182
0.04247455
0.15133591
-0.07314664
-0.08737161
-0.05269326
0.10620667
0.10363387
-0.06720828
0.06485708
0.04587521
0.00757823
-0.11497641
0.13511753
0.16526584
0.05224388
-0.02612205
0.22416782
0.20986186
-0.07649877
-0.12565543
0.22730082
0.25317466
0.12056021
0.10774025
0.09662145
-0.01796022
-0.02596837
0.00361175
0.01576306
0.09034880
-0.02178343
0.08173425
-0.14810143
-0.12558837
-0.10715418
0.08110041
-0.09485300
-0.32925552
-0.11596642
-0.11489043
-0.10237341
-0.21313220
-0.14095217
-0.13613088
-0.00307030
-0.33958283
-0.14714770
-0.02920547
-0.03492156
0.00024532
-0.17855421
-0.18350613
-0.05615890
-0.04800841
-0.02570615
-0.28908047
-0.32464582
-0.08992042
0.04390487
0.11378841
-0.38699833
-0.10510977
0.15523385
0.15745670
0.03203614
-0.03608401
0.02540915
0.12160548
0.09743290
0.05242202
-0.08425266
-0.06141778
-0.11323031
-0.04104846
-0.08968490
0.05303823
-0.08147113
-0.05353830
-0.02267419
0.04369179
-0.05086514
-0.24806981
-0.01051800
0.06322841
0.06736008
-0.21275660
-0.00682606
0.18210675
0.01221850
0.03392433
0.00912713
-0.00747840
-0.05117789
-0.12748316
-0.01860376
0.05473639
0.17790261
0.18506168
0.13880488
-0.03989305
0.07663898
0.11261107
0.00241502
-0.18850595
-0.11413287
0.01803603
-0.09436968
-0.16298585
-0.10228069
-0.14876050
-0.11739325
0.02616798
0.06170431
-0.02958823
-0.08733647
0.07860862
0.13956869
0.07562769
0.11385156
-0.11610910
-0.07574458
-0.13573068
-0.12394260
-0.06513508
-0.06270382
-0.10035922
0.02270035
-0.05691026
-0.01229813
-0.10491482
0.02232006
0.00389274
0.10099079
0.06418204
-0.07642017
0.03782548
0.10726104
0.07097612
0.05059141
0.01420399
0.05165889
0.01159230
-0.03789179
-0.02450456
-0.04073532
0.07628979
0.18836437
0.06997108
0.11574236
0.05582381
0.12319287
0.03562983
0.14981721
0.11173549
0.06196570
-0.05582440
-0.03482572
0.02837691
0.04528410
0.00189939
-0.00299640
-0.14179572
-0.07834117
-0.22399859
-0.10597599
-0.08961885
-0.14650418
-0.04839434
-0.16408594
-0.10008518
-0.01225812
-0.06631716
0.00459688
-0.02945995
-0.05089367
-0.06126788
-0.06869279
-0.13878518
-0.09658583
-0.02734544
0.13104761
-0.00184797
-0.00380773
0.04430723
-0.09190872
0.10207091
0.21209623
0.23102848
0.20959447
0.18577547
0.10547759
-0.07256176
-0.00803612
0.06065716
0.10367492
-0.09892342
-0.10250396
-0.00538508
-0.17186533
-0.14889763
-0.12012579
0.00419961
0.04878677
0.06612884
-0.01396629
-0.11934114
-0.00946956
0.06650221
-0.04005961
-0.00701375
-0.06138399
-0.18072988
-0.20506030
-0.29403374
-0.08862323
0.09476671
-0.06832378
-0.10774221
-0.11214588
-0.12291931
-0.05524920
-0.01128505
-0.07030054
-0.02097739
0.05738321
-0.06752493
0.00146820
0.03260488
0.07119152
-0.05175699
0.03470851
0.10791493
0.09531144
0.10174028
-0.03573972
0.16169488
-0.00237407
-0.01206416
-0.10658588
-0.03559257
0.07596023
0.10045575
-0.10363490
-0.18382813
-0.20378564
0.03829090
-0.07721276
-0.32496431
-0.18526945
-0.09970094
-0.09571259
-0.24506867
-0.19907807
-0.22434817
0.04208784
-0.03736423
-0.07523195
0.08491077
-0.08207434
-0.06731542
0.04092674
0.07118855
0.15083918
0.23625223
0.10111915
0.09121654
-0.03102295
0.11086606
0.27691483
0.23965202
0.05640340
0.09492725
0.02103150
-0.06522547
0.10470498
0.12215214
0.04367191
-0.04618272
0.03900978
0.10958099
0.09034603
0.01295638
0.07558517
0.07891057
-0.08738130
0.14856759
0.07317912
-0.06125045
-0.15622532
-0.17991385
0.10143934
-0.00294304
-0.02755607
-0.00824603
-0.18827516
0.11539041
0.01506354
0.00415971
-0.10053986
0.00030969
-0.05539295
-0.00171577
-0.14127997
0.08036509
0.08130001
-0.07545982
-0.05388099
0.10854287
-0.02040981
0.05336043
0.07033874
0.14026453
0.04251286
-0.03129851
-0.09936643
-0.02791149
-0.14666225
-0.01513767
-0.05889903
-0.11439884
-0.09480911
0.03628930
-0.00286444
0.02127100
-0.04741983
0.14336058
0.14069088
0.01235174
-0.09258716
-0.12771052
0.10591574
-0.03848061
-0.07966260
0.03167298
0.07698260
-0.08041926
-0.06824612
0.10774040
0.00537433
0.07845218
0.05747379
0.13381766
0.14823142
-0.04887675
-0.07325861
-0.08304947
0.00107968
-0.06472978
-0.14874910
-0.07367307
-0.18860282
-0.32079968
-0.17750277
0.00477017
0.19418645
-0.15266237
-0.15263037
0.07691448
0.11466036
0.07617164
0.11056631
0.03316312
0.09152095
-0.00765190
-0.06416024
0.04513091
-0.01789580
-0.08520657
0.04289333
0.00473913
0.04287270
-0.13111566
0.02046149
0.04006585
0.19033836
-0.11321811
-0.06311499
0.04332414
0.05105338
0.09878395
0.14984107
0.18523446
-0.00989337
-0.08200296
0.02248209
0.11405363
0.05148330
-0.13427658
-0.03573876
-0.21042940
-0.02809189
-0.14158471
-0.10980833
-0.06941584
-0.08436015
-0.07025519
-0.20832345
-0.25572637
-0.19455919
-0.02538010
-0.10439874
-0.18938650
-0.07272439
0.11112100
-0.00450330
-0.03033119
0.12931231
0.07046661
0.09298860
0.12378172
0.14930342
0.04168116
0.08261322
0.15342899
0.03963174
-0.08215306
-0.00404992
-0.13354088
-0.09358924
-0.23293509
-0.03500892
-0.13715594
-0.01678133
-0.00304670
-0.12341230
0.01512873
-0.00456351
0.00888596
0.03537677
-0.05810901
0.06057777
0.05674168
0.07742658
-0.00423294
-0.02272412
-0.09634130
0.05829244
-0.02262774
-0.05027081
-0.01577937
-0.16132651
-0.14531158
-0.08312449
0.02328352
0.00668696
-0.02274532
0.06643619
-0.09965485
-0.05496370
-0.04195796
-0.08212285
0.11603280
-0.07704651
0.03459014
0.00631709
0.03917844
0.07463236
-0.04768178
0.02422885
-0.02981007
-0.13832973
-0.13797218
-0.15003395
0.07296393
-0.02067887
-0.14536403
-0.12226187
-0.09940144
0.09055108
0.06817733
0.10677411
0.01890054
0.09568024
0.09184504
-0.02447015
0.00068480
-0.02391663
0.04710199
0.04892432
0.01090928
-0.16997746
-0.00006558
-0.09709274
0.06829626
0.17595999
-0.14145432
0.00700424
0.13211192
0.12137103
0.11324783
-0.07758375
-0.05357772
0.05142342
0.03972695
-0.18479984
0.08550610
-0.00942045
-0.14501578
-0.00844653
-0.03858019
-0.06503122
0.00902011
-0.03106134
-0.16815102
-0.05969191
0.07022516
-0.06029854
-0.04939445
-0.25787103
-0.25809148
-0.08289255
-0.16514169
-0.06081202
-0.20845847
-0.12434893
-0.00622100
-0.16335094
-0.20121825
0.10755806
0.13988730
-0.00324209
-0.10636760
-0.16210087
-0.05467378
-0.03461091
0.00199624
0.02601600
-0.01025120
0.08265996
-0.11891130
-0.02132441
0.00342799
0.01682400
0.02974596
-0.11223426
0.01958457
-0.04705815
-0.04211643
0.02806334
0.01712265
-0.03802200
-0.08516919
-0.10082893
-0.09544119
0.01410807
-0.08414429
-0.11193645
0.00409313
-0.04495512
0.26453543
0.02115459
-0.18807739
-0.04438645
-0.13625757
-0.10041551
-0.00448918
0.04488875
0.09150867
0.09650379
0.03551148
-0.02943335
0.10130858
-0.02310203
-0.04478590
0.15458658
-0.00170288
0.03696677
0.14007454
0.05715034
-0.09448569
-0.05133033
-0.01112368
0.10129178
0.12401476
-0.04111427
0.01152731
0.08795036
0.11390603
0.15266097
0.10210932
-0.00560741
0.01929126
0.05920730
0.06268813
0.11328424
0.08972377
0.00950674
0.04351497
-0.02462470
-0.02588440
-0.03284985
0.07340010
0.01276480
-0.08233670
0.01827806
0.03378282
0.08128756
-0.14690046
0.05221716
-0.09597198
0.07890701
-0.02627408
-0.28983635
-0.17725706
-0.06385797
-0.05349399
-0.10849355
-0.15366116
-0.19202970
-0.12792036
0.07623809
0.09321130
-0.01221037
-0.12945630
-0.11909001
0.04480327
0.16123028
0.01470923
0.01256149
0.01357090
0.04316951
-0.01772612
0.01746520
0.10641233
0.04806606
0.03766045
0.07672639
-0.08988047
0.14384639
0.16080134
0.11107511
0.02650392
-0.15687378
-0.12892112
0.07344770
-0.15551001
-0.11961590
-0.02178950
-0.06669269
0.10962376
-0.05527519
0.05035834
0.07343791
-0.08728664
-0.08738134
-0.09765669
-0.03806557
-0.11421955
0.01981053
-0.07166122
0.00654263
-0.06484251
-0.08832934
-0.25246409
-0.00908504
-0.03165160
-0.10965445
-0.23599963
-0.24271406
-0.04492252
-0.12775624
-0.12536566
-0.19030063
-0.07898460
-0.06491856
-0.20584637
-0.09511901
-0.05255043
0.01115335
0.06797490
-0.07135386
-0.05611973
-0.03986511
0.05878333
0.02127772
0.06702407
-0.14086875
-0.04585191
0.00750638
0.03560085
-0.03758341
-0.14506058
-0.05210559
-0.02101690
0.06031551
-0.12127206
-0.11444087
0.04297341
-0.00219106
-0.05111102
0.02580750
0.11180902
0.09683533
0.02118233
0.01218635
0.11817602
0.20287105
0.11561092
-0.06249828
-0.06686170
-0.03295958
0.08404368
0.11157889
0.09147374
-0.07582121
0.13340138
0.05287790
0.11989804
0.04869057
0.06210585
0.13518259
0.09810668
-0.03973658
0.01267053
-0.00165129
-0.15427868
-0.21193375
-0.14279555
-0.12042785
0.08724479
-0.09432261
0.00220501
-0.04893555
0.00346625
-0.06993604
-0.01459042
0.06332880
0.04091526
0.02444892
-0.01829462
0.12372383
0.11009098
-0.04695864
-0.03416215
-0.11211257
-0.09100883
0.03476991
-0.10041770
0.05685248
0.05978893
-0.15638214
-0.07381798
0.07124510
-0.11853602
-0.14754882
0.22845179
0.07072996
0.12323316
0.02476344
0.08223321
0.00029774
0.19496451
0.27782091
0.14015874
0.02064784
-0.08751562
0.08253944
0.03331440
-0.14417201
-0.01339048
-0.19457701
-0.11849272
0.02984840
0.20356470
0.17252301
-0.07948334
-0.11639040
0.11695162
0.06931198
-0.07400292
0.02950375
0.02383124
0.14159083
0.12829801
-0.00677548
-0.04442690
-0.21583094
-0.18391185
0.00814372
0.16932818
-0.10159625
0.11081369
0.14880134
-0.03982758
-0.05598910
0.05710366
0.13815373
0.19499399
-0.04429663
-0.16526821
-0.01232299
-0.04020359
-0.10447082
-0.26410684
-0.14145522
-0.00560432
-0.12522575
-0.01284606
-0.05044978
0.03427494
-0.00119407
0.00197106
-0.06129879
-0.20700471
0.05651551
-0.03972238
-0.14387177
-0.25938630
-0.14034542
0.01346251
-0.17213856
-0.19143216
-0.06785159
0.05835032
0.03515570
-0.02927006
0.02549782
0.05421633
0.03462648
-0.08097444
-0.03647295
0.06486620
-0.01622954
0.03028676
-0.09223369
0.04036122
0.17505150
0.06666897
-0.16625504
-0.01773775
-0.06815737
0.01518232
-0.00202741
-0.05267476
-0.03135362
-0.18049185
-0.18724969
-0.06694572
0.00081667
-0.02884659
-0.22340576
-0.12136914
-0.18432458
-0.09926632
-0.02640771
-0.18367943
-0.18659648
0.05300080
0.01082980
-0.07584120
-0.07305133
-0.21208368
-0.17992674
-0.07526439
-0.16398363
0.00033710
0.07443611
-0.04950646
-0.00996072
0.05275200
0.18304498
0.23314825
0.27992052
0.16488229
0.06158550
0.02240660
0.23305205
0.07430945
0.01788870
-0.19066378
-0.06579162
0.00805894
-0.03458534
-0.08544106
-0.12267591
-0.09124595
-0.00611287
0.02314270
0.01465914
0.04618830
-0.09558169
0.03107445
0.04266573
0.01929223
-0.04685949
0.07745916
0.02747328
0.15614773
0.11018702
-0.10397183
0.18176134
0.14392823
0.05944183
0.03237902
-0.05903777
0.03167698
0.08190449
0.06404723
0.01971321
0.07985310
-0.09183162
-0.00559980
0.04071996
-0.12554638
0.08390183
-0.04034003
-0.09745201
-0.03626692
0.09966551
-0.02019070
-0.15331024
0.15531330
0.19711767
0.07810386
-0.04226409
0.01878071
0.08883550
0.02612390
-0.00832351
0.05402485
-0.11422608
-0.01718377
-0.05771593
0.05132600
0.02214863
-0.04468671
-0.02214624
0.04211996
0.09395945
0.12643731
0.05539653
-0.05063601
0.09701756
0.05040559
0.11370460
-0.07882928
-0.12066791
0.01282159
0.08294445
0.09583489
-0.40876076
-0.03134605
-0.02414572
-0.07526914
-0.02939318
0.07512890
0.02182585
-0.08491388
-0.27990615
-0.09336776
-0.07390889
-0.29781646
-0.30603829
-0.22248249
-0.10468888
-0.35477188
-0.40341219
-0.20445693
-0.04377905
-0.00430996
-0.23721488
0.06409629
0.05761036
-0.00669987
-0.02486811
-0.06924302
0.00927813
-0.01296628
-0.05322643
-0.03354736
-0.10139291
-0.04534202
0.00233291
-0.03929346
0.08599645
-0.21502437
-0.06132877
0.01939692
-0.01295312
0.00030562
-0.21015286
-0.01309752
0.09350891
0.01607211
0.06160075
0.07089210
0.25945073
0.12526004
0.08814444
0.05496468
0.21221496
0.23888808
0.13883518
0.09070046
-0.09593847
0.10001746
-0.05918513
-0.19662979
-0.21281460
-0.12660903
-0.08371443
-0.31484047
-0.33261019
-0.05626420
0.00174114
-0.21812078
-0.36382210
-0.21738903
0.02173570
0.08456745
-0.12354525
-0.22193784
-0.12294739
-0.12410367
0.04972036
-0.05814619
0.01087275
0.00620977
-0.00762868
0.09572069
-0.12964143
-0.02538435
-0.07330142
0.00530751
-0.02968535
0.02020732
0.02289362
-0.12682250
-0.04439216
0.01114580
-0.07612231
0.05895568
0.03961406
-0.06151611
0.00966789
0.05815898
-0.01194689
-0.09440780
-0.09953033
0.08182777
-0.02461247
0.03757128
-0.02986310
-0.11493804
0.10984645
-0.04773119
0.00968611
-0.09349079
0.05342045
0.20982113
-0.04446151
-0.00166396
0.14064150
0.03209508
0.22203353
-0.15014943
0.13585000
0.05671286
0.01832186
0.06629155
-0.05666794
0.17384131
0.11839242
-0.04154957
-0.16331823
0.00602026
0.09558819
0.04760829
-0.07495636
-0.06643508
-0.19460532
-0.00833860
-0.09908614
0.01413411
-0.12298907
-0.08980811
-0.03226594
-0.11068711
-0.15912277
-0.15817671
-0.05858531
-0.06196456
0.03871835
-0.07825693
-0.13454792
-0.17232971
0.05268631
-0.01595618
0.05717052
-0.13535906
-0.09094827
-0.00326610
0.01043743
-0.01299873
0.00454064
-0.18827650
0.13404907
0.09395228
-0.05429742
-0.02044220
-0.17199254
0.04259047
0.12187274
0.02940928
0.10972121
-0.26778051
0.00402368
0.03115079
0.02634442
0.02218957
-0.07735054
0.10877226
0.10305537
-0.04909845
-0.04592744
-0.05952350
0.06012903
0.04559713
-0.00316784
-0.03568261
-0.11550890
0.01690824
0.08066101
0.12304842
0.14360780
-0.19138049
0.10295901
0.15848912
0.08447515
-0.05912188
0.04233146
0.13530844
0.05097634
0.09149557
-0.04982050
0.07201525
0.19178507
0.07232596
-0.04829310
0.02598368
0.17230166
0.17155258
0.01774296
-0.10062350
-0.02689320
-0.01807539
-0.16739999
-0.08617510
0.02264896
0.01703736
-0.09871259
-0.14969052
-0.04809389
-0.10604552
0.02624589
-0.18394142
-0.20839402
-0.15154690
-0.08955904
0.05735269
-0.20270850
-0.12527171
-0.15181626
-0.01451290
0.09784254
-0.17853434
-0.04468990
-0.12535512
-0.07849508
0.11942570
0.04053103
0.00822426
0.08196275
0.10736496
-0.01204257
-0.05932343
-0.00482132
-0.03328991
-0.09396633
-0.10689234
-0.00080184
-0.03186025
-0.16523443
-0.12495167
-0.09571537
-0.10747628
-0.11838916
-0.22022165
-0.08693459
0.00101436
-0.07323296
-0.06568377
0.01729242
0.00701723
0.05070041
-0.28636065
0.06576359
0.03249095
0.09495130
0.02232419
-0.03368885
0.02655036
0.06155372
0.11119339
0.17865540
0.11244060
-0.09430109
-0.03635202
0.08430330
0.23887739
0.01818015
0.03858180
0.08084935
-0.02852245
-0.06410094
0.01463079
0.06390563
-0.02224990
-0.29309601
-0.34171557
-0.03467412
-0.05797628
0.05195082
0.02940480
0.07047338
-0.05938350
-0.06912915
-0.05143505
0.03326615
0.04145684
-0.19110516
0.04557731
-0.05545715
-0.25169858
-0.16033888
-0.07442338
-0.04741789
-0.10792757
-0.02561738
-0.15455309
0.00034164
0.03230334
0.03302346
0.19446415
0.29932672
-0.19087526
0.04076897
-0.02956904
-0.00067875
-0.02042970
0.12787022
0.16448519
0.06910197
0.05642249
-0.03078550
0.05789318
0.06336921
-0.02089938
-0.04153207
-0.04182833
0.04208960
-0.08212133
-0.04662415
-0.06132294
-0.00145221
-0.09793941
0.02069813
-0.08907653
0.02642518
-0.03936866
0.07023905
0.06172953
0.09697202
0.08668653
0.04330412
0.07831304
0.04182387
-0.02502927
0.11044412
0.00120838
0.09555076
-0.05407294
-0.08906338
-0.06464935
-0.02176821
0.00217512
-0.16411547
-0.20954940
-0.30930007
-0.14567579
0.04015609
-0.13825627
-0.16038677
-0.10096889
0.01183439
0.04064663
-0.02799898
-0.00456938
0.03491516
0.00024487
-0.01386843
0.03089840
-0.01889600
0.12257757
0.12619729
-0.06776239
0.07531423
0.13632658
0.15310188
0.08810616
-0.09495889
0.00291191
-0.11176479
-0.16277365
-0.11107344
-0.31583968
-0.27943629
-0.20903467
-0.12181070
-0.08938605
-0.06426084
-0.06128258
-0.00794974
0.03336987
-0.02850309
0.01834981
0.05828610
0.05313973
-0.03904068
0.06367918
-0.08642903
-0.07744744
0.07794277
0.07760696
0.09014041
0.06817559
0.09803490
0.15773076
-0.02091164
-0.04206266
0.03146961
-0.00315045
-0.04098915
-0.07260181
-0.11207331
0.08282857
0.03314198
-0.01957764
-0.05042552
-0.16407998
-0.11464167
-0.00598876
-0.10220713
-0.20595853
-0.10262606
-0.20402506
-0.07882475
0.06301783
-0.00623701
-0.04896471
0.01649861
0.19207503
0.17473991
-0.14486507
-0.11169925
0.14885259
-0.01442127
-0.05177649
-0.04667188
0.03906285
0.08296967
-0.02965135
-0.11708926
-0.07621722
0.06986186
0.11646572
0.02552683
0.06368344
0.10656174
-0.04990082
0.04172852
0.10610461
0.02949438
0.04729743
0.03377344
0.12544063
-0.06425056
0.02349564
-0.09555376
-0.07854549
-0.08632524
0.02029356
-0.16343763
-0.08383838
-0.21444197
-0.03750259
-0.05741336
0.01575133
-0.01225788
-0.05168933
-0.31926146
-0.12265693
0.04318229
-0.02305697
-0.07795189
-0.33011037
-0.13835657
0.00607598
-0.06103850
0.01944100
-0.05732708
0.00737339
0.06754620
-0.07647558
0.01311412
0.11317301
0.00634767
-0.03843823
-0.01236083
0.06598983
-0.10624744
-0.15985931
-0.10825309
-0.14136948
0.05333057
-0.22436303
-0.06855270
0.04012179
-0.10705558
0.08390759
-0.06967495
-0.05894766
0.02870005
-0.09048077
-0.05251648
0.07033301
0.06632803
0.08209810
-0.02306807
0.05204743
0.01931717
-0.03561942
-0.00891367
0.02656589
0.01896327
0.17570429
-0.00750315
-0.05543442
-0.13548307
-0.11972537
0.07702532
-0.11044329
-0.01356484
0.12671141
-0.11989781
-0.09546379
-0.07175495
0.02122070
-0.02997817
0.08072112
0.02576132
0.06059218
0.10488329
-0.05378288
-0.04120368
0.06123300
-0.01802646
-0.06247712
0.01730370
0.06372979
0.01072659
0.08096986
-0.03324152
-0.12582175
-0.00215717
-0.09380894
0.11516611
0.08215766
-0.07157990
-0.03070950
-0.27945158
-0.02579889
0.13942185
0.07431535
-0.03279225
-0.17777796
-0.14326032
0.13497429
0.13180675
-0.14209430
-0.08573593
-0.07227188
0.00764300
0.03095041
-0.11554553
-0.03151760
0.03446192
-0.00016746
-0.02365773
-0.17350465
-0.02223500
-0.14225975
-0.08925261
0.10248537
-0.01457213
-0.03623427
-0.51701909
-0.18045858
0.16019781
-0.12048808
-0.07125316
-0.36095744
-0.27807361
0.09841388
0.06368595
0.09227724
-0.17350395
-0.02707234
0.04241008
0.00186801
-0.09951580
0.04409225
0.06252886
0.00710721
-0.11119130
-0.24534729
-0.13149913
0.06746072
0.06700265
-0.15664293
-0.19202532
-0.17062247
0.14935049
0.21019514
-0.01510153
-0.01952866
-0.45900202
0.00421145
0.30603537
0.05724689
0.10180091
-0.22349696
-0.17198421
0.13434495
0.17551053
-0.08306938
0.00084920
0.08088274
-0.03421626
-0.16912338
0.03916826
-0.17482963
0.10546139
0.14186741
-0.25089779
0.10941889
-0.48818743
-0.12821302
0.10439580
-0.15869200
0.00658612
-0.27635086
-0.17865489
0.13133785
0.00863894
-0.03405583
-0.12361892
-0.04526802
0.10778214
0.11887775
0.06079609
0.00406916
0.15054998
-0.00812247
-0.13820605
0.07225990
-0.17442410
0.20071402
0.15935040
-0.07552181
0.03966857
-0.25983396
0.01910149
0.21246520
-0.08029895
0.02323905
-0.09248166
0.10862032
0.03070587
-0.01647052
-0.00938299
0.08178175
0.11412888
0.04050753
-0.06161408
0.08861323
0.04516836
-0.24291053
0.05611338
0.21367386
0.06148636
0.16992930
-0.03504379
-0.23923016
-0.07554757
0.00119188
0.15182433
0.15704773
-0.03044817
-0.16312803
-0.16081493
-0.09582040
0.02843419
0.05698177
0.01274131
-0.18020467
-0.21821953
-0.09333110
-0.03477290
-0.00132936
0.08508649
-0.01032776
0.05077768
-0.03990092
-0.13847007
-0.00008812
0.06941496
-0.08290334
-0.08235627
-0.02266459
-0.13566031
-0.09741963
-0.03020654
-0.04214078
-0.02467011
-0.11343963
-0.09334581
-0.00201645
-0.10100707
-0.01893262
0.04628611
0.02539758
0.03674351
0.15014590
0.09466439
0.11612804
0.09127402
0.11725064
0.10846030
0.30187875
-0.08257318
0.07848060
0.13606483
0.16266549
0.26176697
-0.14517577
-0.21012162
-0.11369289
-0.01905096
-0.13459481
-0.01846436
-0.13205537
-0.06085977
-0.11092699
-0.22822537
0.06709970
-0.08876025
-0.10026739
-0.08653899
0.05851189
0.11305562
0.06934084
0.00587271
-0.13800678
-0.19276191
-0.08471637
-0.13820982
-0.05704369
-0.17222333
-0.23960488
0.06669489
0.09491553
0.00329093
0.06973399
0.06428041
-0.08452848
0.00493457
0.10160358
0.11844864
0.04964598
-0.01815538
0.01733071
0.06724484
0.10027098
0.07245243
0.01915555
0.01092999
0.03058570
0.07306370
0.12136258
0.07061579
0.00168974
0.03578592
0.05278234
0.05767760
-0.02336021
-0.11597417
0.05074858
-0.13244012
-0.13612987
0.13319777
0.08637647
-0.07340511
-0.06256062
-0.12350613
0.11345758
0.03646543
-0.00161477
0.06467371
-0.02077713
-0.05791305
-0.02254475
-0.02433715
-0.02908700
-0.00714636
-0.15827313
-0.12125761
-0.12211212
-0.02557253
-0.14670049
-0.17567144
-0.16489296
-0.08597047
-0.24754901
-0.19596715
0.01987642
0.00977103
-0.02729345
-0.08920439
-0.08104604
-0.04033409
-0.03593165
0.04672966
0.12695621
0.02239116
0.24522626
0.24363896
0.15389106
0.18278638
0.01785995
0.08264095
0.04489035
0.13321090
0.04873028
0.04101872
-0.25359660
-0.10208469
-0.08118409
-0.21112931
-0.33625865
0.02217007
-0.07922109
-0.09036438
-0.13096979
0.08488792
0.13168362
-0.01417468
-0.11858544
-0.06218221
-0.12352846
-0.01011355
-0.06729298
-0.09465347
0.00156907
0.14566766
-0.10390537
-0.16031967
-0.04880917
0.02770381
0.13805334
-0.07982669
-0.13436006
-0.15495768
-0.08493735
-0.05394060
-0.05419776
-0.01998987
-0.00834841
-0.12244026
-0.10318736
0.11259919
0.03213660
0.07617541
-0.01578241
-0.06711553
-0.05938908
-0.08126100
0.03771846
0.03018990
-0.10126854
-0.10878381
-0.02840290
0.08075973
0.02794654
0.06330756
-0.09184641
-0.03953670
-0.07051488
-0.07875457
-0.07007783
-0.23837106
-0.28800008
-0.31719393
-0.27701730
-0.01472089
-0.18172032
-0.04360909
0.06567308
-0.09926788
-0.04874295
-0.03324826
0.13839945
0.01649889
0.04133547
0.09615531
-0.00182504
-0.14913435
-0.01700389
-0.05218353
0.05162897
0.15870488
-0.11607789
-0.27356529
-0.22361335
-0.05426192
0.23816629
0.16631216
0.11865392
-0.04130328
-0.11778643
0.13481151
0.09958742
0.18544218
0.15493029
0.10599469
-0.18808132
-0.07350461
0.06133733
-0.01173597
-0.01023812
0.06221074
-0.01139414
0.07448027
0.17672397
0.05107872
0.04914070
0.07708211
0.00648955
-0.03138334
-0.00574688
-0.13969193
0.03912428
0.01710292
0.04791915
-0.09499422
-0.03548066
0.18790346
0.12055192
0.17683631
0.12988177
-0.09619431
0.03587274
-0.06003479
-0.10982135
0.03912488
-0.03343049
-0.11574321
-0.06998187
-0.03028330
-0.04592874
-0.00562054
-0.15695904
-0.22470155
-0.21101975
0.01960495
-0.11673464
-0.05153397
-0.01484066
-0.00536135
-0.01018376
0.03509459
0.07788067
0.12131104
0.03715089
0.03375712
0.08422371
0.00777569
-0.06839843
-0.00448220
0.07200230
0.09531908
0.28682813
0.23938219
0.19044237
0.16253653
-0.06529004
-0.05930749
-0.03647384
-0.02351071
0.17775233
0.15243557
-0.21377717
-0.22512889
-0.23825064
0.02852307
-0.02572826
0.10878812
0.09103473
0.03667772
-0.04053256
0.05258681
0.12827280
0.08397149
-0.00250603
-0.07691263
0.07743812
0.00490841
-0.02698165
0.03096862
0.04100400
0.03037992
0.03764157
0.06640515
0.03970192
-0.04902860
0.02056574
-0.06001813
-0.00173379
0.10663186
0.04996242
-0.11872540
-0.03632072
-0.10925421
0.01107768
0.01731529
0.17293784
0.02800770
-0.01563677
-0.00225936
-0.10857591
-0.00633625
-0.21275708
-0.31040737
-0.02797153
0.07346155
-0.17290673
-0.00438150
-0.28927121
-0.10078128
0.16581558
0.16347770
0.04739158
-0.39633909
-0.10908575
0.05312048
0.08128977
-0.18176077
-0.14915088
0.08594137
0.07960837
-0.13839485
-0.13304797
-0.11193934
0.04276583
0.03120422
0.18217863
0.04917496
0.07328226
0.04736898
0.16569066
0.08384737
-0.02074774
-0.16803898
-0.06737874
0.14266454
-0.22185706
-0.40733871
-0.32842323
-0.02447076
0.01280238
-0.08280110
-0.21015315
-0.16944173
-0.00111871
0.08884629
-0.07521670
-0.02664264
-0.04419765
0.11246774
0.00188287
-0.08516376
-0.07800619
-0.03659909
-0.02276208
-0.00038158
-0.18994205
-0.00403736
-0.09140233
0.18345469
0.03052872
0.02369621
-0.07566285
-0.25722039
0.08073989
0.10515988
-0.08016235
-0.24128622
0.07468588
0.09117322
0.02863096
0.03966045
-0.13664821
-0.03272073
-0.02452595
0.01176123
-0.04295892
-0.11865040
0.02234096
0.10537123
0.09093963
-0.01542683
-0.06371152
-0.08020888
0.08763431
0.09721988
-0.10265688
-0.23024160
-0.15329012
0.14496660
0.05484605
-0.24483365
-0.10512614
0.01380264
0.10815756
0.11078206
0.00601093
-0.00650708
-0.02848524
-0.19341396
0.00236715
-0.09162402
0.04847410
0.10078482
-0.09195856
-0.19364220
0.18287772
0.17445342
0.17062682
-0.16155407
-0.19942160
0.14022373
0.03995143
-0.04354005
-0.10826579
-0.05412638
-0.12405236
-0.16935563
-0.20272310
-0.13032132
-0.07118130
-0.02015311
-0.10892107
-0.14778879
-0.01432023
-0.11208510
0.03801012
0.08144721
-0.13032959
-0.16849339
-0.17195894
0.15940924
0.14610475
0.11040143
-0.09535259
-0.13770844
0.03301457
0.06791474
0.08302887
-0.02593954
-0.15539065
-0.07496846
0.03650654
0.08075164
-0.01002168
-0.05433461
0.01126348
0.17357323
0.00906424
0.04964452
0.05117191
-0.01251217
0.03981388
0.09381784
-0.02441242
0.03350345
-0.14775199
-0.15936892
-0.05870349
0.02145960
-0.01926270
0.06994195
-0.03103832
0.03408584
-0.05074358
-0.11526974
0.03586991
-0.02641754
0.03907967
0.13843922
0.07865294
0.10393540
-0.09046707
-0.17746551
-0.32291251
-0.23918939
0.08487798
0.22033262
-0.00848350
-0.20084094
-0.04059243
0.07069116
0.28410172
0.09894848
-0.05203169
-0.04145433
-0.16911350
-0.01422384
0.22261015
0.08173437
-0.05862625
-0.03072142
-0.11085035
-0.10524935
0.09720498
0.03964774
-0.03381988
0.08565239
-0.09245075
-0.10692319
0.01435620
-0.01591014
0.12425191
0.24647455
0.14754699
-0.07519837
-0.47316962
-0.23519289
0.08084958
0.09817059
0.00534803
-0.15617220
-0.24500491
-0.09739488
0.12488737
-0.05172741
-0.26342639
-0.20523484
-0.10872500
0.11811996
0.04860881
0.06340840
0.07351225
-0.02585698
0.03026891
-0.07305912
-0.07207795
0.03561636
-0.01904151
-0.09959193
-0.15294659
0.02930582
-0.07788479
0.01801869
-0.05336965
-0.11499655
0.03825647
-0.09169415
0.07770506
0.03108058
-0.01410548
-0.08606028
0.04324815
-0.03138522
0.17366439
-0.01894806
-0.16867246
-0.28561714
0.18404250
0.19705451
0.08298545
-0.01263935
-0.07643831
0.01227560
0.09049869
-0.04190252
0.18949753
0.06132440
-0.04529703
-0.09125614
-0.19821320
0.02117573
0.09220498
0.06408132
-0.07947333
-0.19301823
-0.15317011
-0.08853830
-0.03581276
-0.16422643
-0.14909387
