-0.42421296 -0.42421296 -0.42421296 -0.42421296 -0.42421296 -0.42421296 -0.42421296 -0.42421296 -0.42421296 -0.42421296 -0.42421296 -0.42421296 -0.42421296 -0.42421296 -0.42421296 -0.42421296 -0.42421296 -0.42421296 -0.42421296 -0.42421296 -0.42421296 -0.42421296 -0.42421296 -0.42421296 -0.42421296 -0.42421296 -0.42421296 -0.42421296 -0.42421296 -0.42421296 -0.42421296 -0.42421296
-0.42421296 -0.42421296 -0.42421296 -0.42421296 -0.42421296 -0.42421296 -0.42421296 -0.42421296 -0.42421296 -0.42421296 -0.42421296 -0.42421296 -0.42421296 -0.42421296 -0.42421296 -0.42421296 -0.42421296 -0.42421296 -0.42421296 -0.42421296 -0.42421296 -0.42421296 -0.42421296 -0.42421296 -0.42421296 -0.42421296 -0.42421296 -0.42421296 -0.42421296 -0.42421296 -0.42421296 -0.42421296
-0.42421296 -0.42421296 -0.42421296 -0.42421296 -0.42421296 -0.42421296 -0.42421296 -0.42421296 -0.42421296 -0.42421296 -0.42421296 -0.42421296 -0.42421296 -0.42421296 -0.42421296 -0.42421296 -0.42421296 -0.42421296 -0.42421296 -0.42421296 -0.42421296 -0.42421296 -0.42421296 -0.42421296 -0.42421296 -0.42421296 -0.42421296 -0.42421296 -0.42421296 -0.42421296 -0.42421296 -0.42421296
-0.42421296 -0.42421296 -0.42421296 -0.42421296 -0.42421296 -0.42421296 -0.42421296 -0.42421296 -0.42421296 -0.42421296 -0.42421296 -0.42421296 -0.42421296 -0.42421296 -0.42421296 -0.42421296 -0.42421296 -0.42421296 -0.42421296 -0.42421296 -0.42421296 -0.42421296 -0.42421296 -0.42421296 -0.42421296 -0.42421296 -0.42421296 -0.42421296 -0.42421296 -0.42421296 -0.42421296 -0.42421296
-0.42421296 -0.42421296 -0.42421296 -0.42421296 -0.42421296 -0.42421296 -0.42421296 -0.42421296 -0.42421296 -0.42421296 -0.42421296 -0.42421296 -0.42421296 -0.42421296 -0.42421296 -0.42421296 -0.42421296 -0.42421296 -0.42421296 -0.42421296 -0.42421296 -0.42421296 -0.42421296 -0.42421296 -0.42421296 -0.42421296 -0.42421296 -0.42421296 -0.42421296 -0.42421296 -0.42421296 -0.42421296
-0.42421296 -0.42421296 -0.42421296 -0.42421296 -0.42421296 -0.42421296 -0.42421296 -0.42421296 -0.42421296 -0.42421296 -0.42421296 -0.42421296 -0.42421296 -0.42421296 -0.42421296 -0.42421296 -0.42421296 -0.42421296 -0.42421296 -0.42421296 -0.42421296 -0.42421296 -0.42421296 -0.42421296 -0.42421296 -0.42421296 -0.42421296 -0.42421296 -0.42421296 -0.42421296 -0.42421296 -0.42421296
-0.42421296 -0.42421296 -0.42421296 -0.42421296 -0.42421296 -0.42421296 -0.42421296 -0.42421296 -0.42421296 -0.42421296 -0.42421296 -0.42421296 -0.42421296 -0.42421296 -0.42421296 -0.42421296 -0.01690946 1.43410933 2.26144433 2.17234683 0.97589272 -0.41148472 -0.42421296 -0.42421296 -0.42421296 -0.42421296 -0.42421296 -0.42421296 -0.42421296 -0.42421296 -0.42421296 -0.42421296
-0.42421296 -0.42421296 -0.42421296 -0.42421296 -0.42421296 -0.42421296 -0.42421296 -0.42421296 -0.42421296 -0.42421296 -0.42421296 -0.42421296 -0.42421296 -0.42421296 -0.41148472 0.82315391 2.36327028 2.47782445 2.27417278 1.80322802 2.38872671 0.64495873 -0.42421296 -0.42421296 -0.42421296 -0.42421296 -0.42421296 -0.42421296 -0.42421296 -0.42421296 -0.42421296 -0.42421296
-0.42421296 -0.42421296 -0.42421296 -0.42421296 -0.42421296 -0.42421296 -0.42421296 -0.42421296 -0.42421296 -0.42421296 -0.42421296 -0.42421296 -0.42421296 -0.33511534 1.45956576 2.43963981 2.41418314 1.11590326 -0.24601769 0.98862094 2.46509624 1.56139159 -0.42421296 -0.42421296 -0.42421296 -0.42421296 -0.42421296 -0.42421296 -0.42421296 -0.42421296 -0.42421296 -0.42421296
-0.42421296 -0.42421296 -0.42421296 -0.42421296 -0.42421296 -0.42421296 -0.42421296 -0.42421296 -0.42421296 -0.42421296 -0.42421296 -0.42421296 -0.29693064 1.68867397 2.46509624 2.19780326 0.32675284 -0.42421296 0.33948106 2.36327028 2.46509624 0.79769748 -0.42421296 -0.42421296 -0.42421296 -0.42421296 -0.42421296 -0.42421296 -0.42421296 -0.42421296 -0.42421296 -0.42421296
-0.42421296 -0.42421296 -0.42421296 -0.42421296 -0.42421296 -0.42421296 -0.42421296 -0.42421296 -0.42421296 -0.42421296 -0.42421296 -0.34784356 1.62503278 2.51600909 2.14689040 -0.00418122 -0.42421296 0.21219873 2.29962921 2.42691135 1.53593516 -0.39875650 -0.42421296 -0.42421296 -0.42421296 -0.42421296 -0.42421296 -0.42421296 -0.42421296 -0.42421296 -0.42421296 -0.42421296
-0.42421296 -0.42421296 -0.42421296 -0.42421296 -0.42421296 -0.42421296 -0.42421296 -0.42421296 -0.42421296 -0.42421296 -0.42421296 1.07771862 2.45236802 2.12143397 -0.09327888 -0.42421296 0.05945994 2.19780326 2.41418314 1.75231516 -0.30965886 -0.42421296 -0.42421296 -0.42421296 -0.42421296 -0.42421296 -0.42421296 -0.42421296 -0.42421296 -0.42421296 -0.42421296 -0.42421296
-0.42421296 -0.42421296 -0.42421296 -0.42421296 -0.42421296 -0.42421296 -0.42421296 -0.42421296 -0.42421296 -0.42421296 -0.01690946 2.33781385 2.45236802 0.25038344 -0.42421296 -0.01690946 2.15961862 2.49055266 1.93051040 -0.27147415 -0.42421296 -0.42421296 -0.42421296 -0.42421296 -0.42421296 -0.42421296 -0.42421296 -0.42421296 -0.42421296 -0.42421296 -0.42421296 -0.42421296
-0.42421296 -0.42421296 -0.42421296 -0.42421296 -0.42421296 -0.42421296 -0.42421296 -0.42421296 -0.42421296 -0.42421296 0.64495873 2.47782445 1.57411981 0.27583990 0.59404576 2.27417278 2.54146552 2.15961862 -0.15692005 -0.42421296 -0.42421296 -0.42421296 -0.42421296 -0.42421296 -0.42421296 -0.42421296 -0.42421296 -0.42421296 -0.42421296 -0.42421296 -0.42421296 -0.42421296
-0.42421296 -0.42421296 -0.42421296 -0.42421296 -0.42421296 -0.42421296 -0.42421296 -0.42421296 -0.42421296 -0.42421296 0.05945994 2.33781385 2.07052088 2.49055266 2.54146552 2.55419374 2.52873731 2.37599850 2.03233624 1.40865278 0.22492696 -0.42421296 -0.42421296 -0.42421296 -0.42421296 -0.42421296 -0.42421296 -0.42421296 -0.42421296 -0.42421296 -0.42421296 -0.42421296
-0.42421296 -0.42421296 -0.42421296 -0.42421296 -0.42421296 -0.42421296 -0.42421296 -0.42421296 -0.42421296 -0.42421296 -0.36057180 1.76504338 2.50328088 2.50328088 2.51600909 2.54146552 2.29962921 2.00687981 1.91778219 2.17234683 2.46509624 0.81042576 -0.42421296 -0.42421296 -0.42421296 -0.42421296 -0.42421296 -0.42421296 -0.42421296 -0.42421296 -0.42421296 -0.42421296
-0.42421296 -0.42421296 -0.42421296 -0.42421296 -0.42421296 -0.42421296 -0.42421296 -0.42421296 -0.42421296 -0.30965886 1.62503278 2.51600909 2.47782445 1.26864231 0.13582934 -0.18237650 -0.42421296 -0.42421296 -0.42421296 0.07218818 2.37599850 2.15961862 -0.42421296 -0.42421296 -0.42421296 -0.42421296 -0.42421296 -0.42421296 -0.42421296 -0.42421296 -0.42421296 -0.42421296
-0.42421296 -0.42421296 -0.42421296 -0.42421296 -0.42421296 -0.42421296 -0.42421296 -0.42421296 -0.41148472 1.53593516 2.50328088 2.31235743 0.33948106 -0.42421296 -0.42421296 -0.42421296 -0.42421296 -0.42421296 -0.42421296 0.93770802 2.46509624 1.72685862 -0.42421296 -0.42421296 -0.42421296 -0.42421296 -0.42421296 -0.42421296 -0.42421296 -0.42421296 -0.42421296 -0.42421296
-0.42421296 -0.42421296 -0.42421296 -0.42421296 -0.42421296 -0.42421296 -0.42421296 -0.42421296 0.65768695 2.42691135 2.23598790 0.13582934 -0.42421296 -0.42421296 -0.42421296 -0.42421296 -0.42421296 -0.42421296 -0.20783298 2.13416219 2.46509624 0.55586106 -0.42421296 -0.42421296 -0.42421296 -0.42421296 -0.42421296 -0.42421296 -0.42421296 -0.42421296 -0.42421296 -0.42421296
-0.42421296 -0.42421296 -0.42421296 -0.42421296 -0.42421296 -0.42421296 -0.42421296 -0.42421296 1.73958683 2.47782445 0.72132808 -0.42421296 -0.42421296 -0.42421296 -0.42421296 -0.42421296 -0.42421296 -0.42421296 1.09044683 2.43963981 2.00687981 -0.37330002 -0.42421296 -0.42421296 -0.42421296 -0.42421296 -0.42421296 -0.42421296 -0.42421296 -0.42421296 -0.42421296 -0.42421296
-0.42421296 -0.42421296 -0.42421296 -0.42421296 -0.42421296 -0.42421296 -0.42421296 -0.42421296 1.87959743 2.41418314 -0.22056121 -0.42421296 -0.42421296 -0.42421296 -0.42421296 -0.42421296 -0.42421296 0.12310111 2.40145493 2.46509624 0.36493754 -0.42421296 -0.42421296 -0.42421296 -0.42421296 -0.42421296 -0.42421296 -0.42421296 -0.42421296 -0.42421296 -0.42421296 -0.42421296
-0.42421296 -0.42421296 -0.42421296 -0.42421296 -0.42421296 -0.42421296 -0.42421296 -0.42421296 1.05226207 2.42691135 0.08491641 -0.42421296 -0.42421296 -0.42421296 -0.42421296 -0.42421296 -0.28420240 1.87959743 2.50328088 1.49775052 -0.42421296 -0.42421296 -0.42421296 -0.42421296 -0.42421296 -0.42421296 -0.42421296 -0.42421296 -0.42421296 -0.42421296 -0.42421296 -0.42421296
-0.42421296 -0.42421296 -0.42421296 -0.42421296 -0.42421296 -0.42421296 -0.42421296 -0.42421296 -0.13146357 2.10870576 1.54866338 -0.41148472 -0.42421296 -0.42421296 -0.42421296 -0.36057180 1.49775052 2.46509624 2.15961862 -0.23328947 -0.42421296 -0.42421296 -0.42421296 -0.42421296 -0.42421296 -0.42421296 -0.42421296 -0.42421296 -0.42421296 -0.42421296 -0.42421296 -0.42421296
-0.42421296 -0.42421296 -0.42421296 -0.42421296 -0.42421296 -0.42421296 -0.42421296 -0.42421296 -0.42421296 0.39039403 2.32508564 0.88679510 -0.41148472 -0.42421296 -0.28420240 1.52320695 2.52873731 2.36327028 0.23765521 -0.42421296 -0.42421296 -0.42421296 -0.42421296 -0.42421296 -0.42421296 -0.42421296 -0.42421296 -0.42421296 -0.42421296 -0.42421296 -0.42421296 -0.42421296
-0.42421296 -0.42421296 -0.42421296 -0.42421296 -0.42421296 -0.42421296 -0.42421296 -0.42421296 -0.42421296 -0.42421296 0.47949168 2.24871612 1.76504338 1.34501171 2.21053147 2.51600909 2.37599850 0.30129635 -0.42421296 -0.42421296 -0.42421296 -0.42421296 -0.42421296 -0.42421296 -0.42421296 -0.42421296 -0.42421296 -0.42421296 -0.42421296 -0.42421296 -0.42421296 -0.42421296
-0.42421296 -0.42421296 -0.42421296 -0.42421296 -0.42421296 -0.42421296 -0.42421296 -0.42421296 -0.42421296 -0.42421296 -0.42421296 -0.04236595 1.29409873 2.23598790 2.32508564 1.53593516 -0.00418122 -0.42421296 -0.42421296 -0.42421296 -0.42421296 -0.42421296 -0.42421296 -0.42421296 -0.42421296 -0.42421296 -0.42421296 -0.42421296 -0.42421296 -0.42421296 -0.42421296 -0.42421296
-0.42421296 -0.42421296 -0.42421296 -0.42421296 -0.42421296 -0.42421296 -0.42421296 -0.42421296 -0.42421296 -0.42421296 -0.42421296 -0.42421296 -0.42421296 -0.42421296 -0.42421296 -0.42421296 -0.42421296 -0.42421296 -0.42421296 -0.42421296 -0.42421296 -0.42421296 -0.42421296 -0.42421296 -0.42421296 -0.42421296 -0.42421296 -0.42421296 -0.42421296 -0.42421296 -0.42421296 -0.42421296
-0.42421296 -0.42421296 -0.42421296 -0.42421296 -0.42421296 -0.42421296 -0.42421296 -0.42421296 -0.42421296 -0.42421296 -0.42421296 -0.42421296 -0.42421296 -0.42421296 -0.42421296 -0.42421296 -0.42421296 -0.42421296 -0.42421296 -0.42421296 -0.42421296 -0.42421296 -0.42421296 -0.42421296 -0.42421296 -0.42421296 -0.42421296 -0.42421296 -0.42421296 -0.42421296 -0.42421296 -0.42421296
-0.42421296 -0.42421296 -0.42421296 -0.42421296 -0.42421296 -0.42421296 -0.42421296 -0.42421296 -0.42421296 -0.42421296 -0.42421296 -0.42421296 -0.42421296 -0.42421296 -0.42421296 -0.42421296 -0.42421296 -0.42421296 -0.42421296 -0.42421296 -0.42421296 -0.42421296 -0.42421296 -0.42421296 -0.42421296 -0.42421296 -0.42421296 -0.42421296 -0.42421296 -0.42421296 -0.42421296 -0.42421296
-0.42421296 -0.42421296 -0.42421296 -0.42421296 -0.42421296 -0.42421296 -0.42421296 -0.42421296 -0.42421296 -0.42421296 -0.42421296 -0.42421296 -0.42421296 -0.42421296 -0.42421296 -0.42421296 -0.42421296 -0.42421296 -0.42421296 -0.42421296 -0.42421296 -0.42421296 -0.42421296 -0.42421296 -0.42421296 -0.42421296 -0.42421296 -0.42421296 -0.42421296 -0.42421296 -0.42421296 -0.42421296
-0.42421296 -0.42421296 -0.42421296 -0.42421296 -0.42421296 -0.42421296 -0.42421296 -0.42421296 -0.42421296 -0.42421296 -0.42421296 -0.42421296 -0.42421296 -0.42421296 -0.42421296 -0.42421296 -0.42421296 -0.42421296 -0.42421296 -0.42421296 -0.42421296 -0.42421296 -0.42421296 -0.42421296 -0.42421296 -0.42421296 -0.42421296 -0.42421296 -0.42421296 -0.42421296 -0.42421296 -0.42421296
-0.42421296 -0.42421296 -0.42421296 -0.42421296 -0.42421296 -0.42421296 -0.42421296 -0.42421296 -0.42421296 -0.42421296 -0.42421296 -0.42421296 -0.42421296 -0.42421296 -0.42421296 -0.42421296 -0.42421296 -0.42421296 -0.42421296 -0.42421296 -0.42421296 -0.42421296 -0.42421296 -0.42421296 -0.42421296 -0.42421296 -0.42421296 -0.42421296 -0.42421296 -0.42421296 -0.42421296 -0.42421296
