-0.00722362
-0.02472824
0.22358724
0.14061460
0.18361835
-0.03927077
0.18010306
0.07537566
-0.08445194
-0.21131979
-0.10195384
0.00909570
-0.06596569
0.19799359
-0.15888414
-0.04440025
-0.14374684
0.16587688
0.06599773
0.04980800
-0.08697758
0.10424373
-0.10090957
0.21140592
0.18704543
0.18772052
0.31988019
0.20029399
0.20071404
-0.16210178
0.15101977
0.29339793
-0.04875318
-0.35835466
-0.27992177
0.22217329
-0.05575462
-0.24957132
-0.28470853
-0.13677464
0.06432665
0.08707414
-0.25820717
-0.25376096
0.16075863
0.02037505
0.03602261
-0.24652584
0.04055186
0.28367355
0.16591711
-0.23298353
-0.28504640
-0.45684969
-0.38327137
0.21122101
0.04247256
-0.16314875
-0.06970298
-0.20486791
0.15209678
0.40313819
0.35230941
0.18336003
0.05413463
0.01860084
-0.00410512
0.06736006
0.27045953
0.13834813
0.12384547
-0.08018452
0.07753668
0.07844352
0.03190085
0.16158158
0.24890593
-0.13169767
0.06184880
0.00473887
0.18654673
-0.07471127
-0.09199697
-0.26272410
-0.22599456
0.01823526
-0.10977730
-0.32742977
-0.07724623
0.01098933
0.31010729
0.03399961
-0.39801133
-0.25285617
-0.38368437
0.15200143
0.24697897
0.12802468
-0.16427472
-0.28109887
-0.12070609
-0.02538684
0.16346505
0.14206912
-0.04644373
0.13616398
0.03338907
0.25699645
-0.01802521
-0.14614856
0.02599495
0.24261713
0.06283373
-0.16363946
-0.17355245
0.17528458
0.09783272
0.04200430
-0.05697242
0.04809692
0.11376856
0.29817605
0.03216591
-0.05361367
-0.20494370
0.16474685
0.05014328
-0.07117487
0.04118840
0.19519392
0.20534414
0.24001394
0.38564333
0.00538506
-0.07677246
0.08355510
0.08019663
0.11309330
0.35370010
0.16434196
-0.26605305
-0.27710155
0.09427029
-0.14577523
0.19550429
-0.35602689
-0.40367964
-0.41127741
-0.36127415
-0.00738045
