-0.42421296 -0.42421296 -0.42421296 -0.42421296 -0.42421296 -0.42421296 -0.42421296 -0.42421296 -0.42421296 -0.42421296 -0.42421296 -0.42421296 -0.42421296 -0.42421296 -0.42421296 -0.42421296 -0.42421296 -0.42421296 -0.42421296 -0.42421296 -0.42421296 -0.42421296 -0.42421296 -0.42421296 -0.42421296 -0.42421296 -0.42421296 -0.42421296 -0.42421296 -0.42421296 -0.42421296 -0.42421296
-0.42421296 -0.42421296 -0.42421296 -0.42421296 -0.42421296 -0.42421296 -0.42421296 -0.42421296 -0.42421296 -0.42421296 -0.42421296 -0.42421296 -0.42421296 -0.42421296 -0.42421296 -0.42421296 -0.42421296 -0.42421296 -0.42421296 -0.42421296 -0.42421296 -0.42421296 -0.42421296 -0.42421296 -0.42421296 -0.42421296 -0.42421296 -0.42421296 -0.42421296 -0.42421296 -0.42421296 -0.42421296
-0.42421296 -0.42421296 -0.42421296 -0.42421296 -0.42421296 -0.42421296 -0.42421296 -0.42421296 -0.42421296 -0.42421296 -0.42421296 -0.42421296 -0.42421296 -0.42421296 -0.42421296 -0.42421296 -0.42421296 -0.42421296 -0.42421296 -0.42421296 -0.42421296 -0.42421296 -0.42421296 -0.42421296 -0.42421296 -0.42421296 -0.42421296 -0.42421296 -0.42421296 -0.42421296 -0.42421296 -0.42421296
-0.42421296 -0.42421296 -0.42421296 -0.42421296 -0.42421296 -0.42421296 -0.42421296 -0.42421296 -0.42421296 -0.42421296 -0.42421296 -0.42421296 -0.42421296 -0.42421296 -0.42421296 -0.42421296 -0.42421296 -0.42421296 -0.42421296 -0.42421296 -0.42421296 -0.42421296 -0.42421296 -0.42421296 -0.42421296 -0.42421296 -0.42421296 -0.42421296 -0.42421296 -0.42421296 -0.42421296 -0.42421296
-0.42421296 -0.42421296 -0.42421296 -0.42421296 -0.42421296 -0.42421296 -0.42421296 -0.42421296 -0.42421296 -0.42421296 -0.42421296 -0.42421296 -0.42421296 -0.42421296 -0.42421296 -0.42421296 -0.42421296 -0.42421296 -0.42421296 -0.42421296 -0.42421296 -0.42421296 -0.42421296 -0.42421296 -0.42421296 -0.42421296 -0.42421296 -0.42421296 -0.42421296 -0.42421296 -0.42421296 -0.42421296
-0.42421296 -0.42421296 -0.42421296 -0.42421296 -0.42421296 -0.42421296 -0.42421296 -0.42421296 -0.42421296 -0.42421296 -0.42421296 -0.42421296 -0.42421296 -0.42421296 -0.42421296 -0.42421296 -0.42421296 -0.42421296 -0.42421296 -0.42421296 -0.42421296 -0.42421296 -0.42421296 -0.42421296 -0.42421296 -0.42421296 -0.42421296 -0.42421296 -0.42421296 -0.42421296 -0.42421296 -0.42421296
-0.42421296 -0.42421296 -0.42421296 -0.42421296 -0.42421296 -0.42421296 -0.42421296 -0.42421296 -0.42421296 -0.42421296 -0.42421296 -0.42421296 -0.42421296 -0.42421296 -0.42421296 -0.42421296 -0.42421296 -0.42421296 -0.42421296 -0.42421296 -0.42421296 -0.42421296 -0.42421296 -0.42421296 -0.42421296 -0.42421296 -0.42421296 -0.42421296 -0.42421296 -0.42421296 -0.42421296 -0.42421296
-0.42421296 -0.42421296 -0.42421296 -0.42421296 -0.42421296 -0.42421296 -0.42421296 -0.42421296 -0.42421296 -0.42421296 -0.42421296 -0.42421296 -0.42421296 -0.11873534 2.18507504 1.51047873 -0.42421296 -0.42421296 -0.42421296 -0.42421296 -0.42421296 -0.42421296 -0.42421296 -0.42421296 -0.42421296 -0.42421296 -0.42421296 -0.42421296 -0.42421296 -0.42421296 -0.42421296 -0.42421296
-0.42421296 -0.42421296 -0.42421296 -0.42421296 -0.42421296 -0.42421296 -0.42421296 -0.42421296 -0.42421296 -0.42421296 -0.42421296 -0.42421296 -0.42421296 1.01407743 2.59237862 1.30682695 -0.42421296 -0.42421296 -0.18237650 -0.36057180 -0.42421296 -0.42421296 -0.42421296 -0.42421296 -0.42421296 -0.42421296 -0.42421296 -0.42421296 -0.42421296 -0.42421296 -0.42421296 -0.42421296
-0.42421296 -0.42421296 -0.42421296 -0.42421296 -0.42421296 -0.42421296 -0.42421296 -0.42421296 -0.42421296 -0.42421296 -0.42421296 -0.42421296 -0.39875650 2.09597731 2.55419374 0.00854701 -0.42421296 0.17401403 2.59237862 1.82868457 -0.42421296 -0.42421296 -0.42421296 -0.42421296 -0.42421296 -0.42421296 -0.42421296 -0.42421296 -0.42421296 -0.42421296 -0.42421296 -0.42421296
-0.42421296 -0.42421296 -0.42421296 -0.42421296 -0.42421296 -0.42421296 -0.42421296 -0.42421296 -0.42421296 -0.42421296 -0.42421296 -0.42421296 0.30129635 2.55419374 1.75231516 -0.42421296 -0.42421296 -0.25874594 2.56692195 2.45236802 -0.42421296 -0.42421296 -0.42421296 -0.42421296 -0.42421296 -0.42421296 -0.42421296 -0.42421296 -0.42421296 -0.42421296 -0.42421296 -0.42421296
-0.42421296 -0.42421296 -0.42421296 -0.42421296 -0.42421296 -0.42421296 -0.42421296 -0.42421296 -0.42421296 -0.42421296 -0.42421296 -0.42421296 1.47229397 2.56692195 0.55586106 -0.42421296 -0.42421296 -0.42421296 2.54146552 2.49055266 -0.42421296 -0.42421296 -0.42421296 -0.42421296 -0.42421296 -0.42421296 -0.42421296 -0.42421296 -0.42421296 -0.42421296 -0.42421296 -0.42421296
-0.42421296 -0.42421296 -0.42421296 -0.42421296 -0.42421296 -0.42421296 -0.42421296 -0.42421296 -0.42421296 -0.42421296 -0.42421296 -0.28420240 2.43963981 2.37599850 -0.32238710 -0.42421296 -0.42421296 -0.27147415 2.61783504 2.33781385 -0.42421296 -0.42421296 -0.42421296 -0.42421296 -0.42421296 -0.42421296 -0.42421296 -0.42421296 -0.42421296 -0.42421296 -0.42421296 -0.42421296
-0.42421296 -0.42421296 -0.42421296 -0.42421296 -0.42421296 -0.42421296 -0.42421296 -0.42421296 -0.42421296 -0.42421296 -0.42421296 0.68314338 2.59237862 1.33228338 -0.42421296 -0.42421296 -0.42421296 0.05945994 2.59237862 2.00687981 -0.42421296 -0.42421296 -0.42421296 -0.42421296 -0.42421296 -0.42421296 -0.42421296 -0.42421296 -0.42421296 -0.42421296 -0.42421296 -0.42421296
-0.42421296 -0.42421296 -0.42421296 -0.42421296 -0.42421296 -0.42421296 -0.42421296 -0.42421296 -0.42421296 -0.42421296 -0.42421296 1.76504338 2.56692195 0.23765521 -0.42421296 -0.42421296 -0.42421296 0.45403522 2.57965016 1.51047873 -0.42421296 -0.34784356 -0.08055065 -0.33511534 -0.42421296 -0.42421296 -0.42421296 -0.42421296 -0.42421296 -0.42421296 -0.42421296 -0.42421296
-0.42421296 -0.42421296 -0.42421296 -0.42421296 -0.42421296 -0.42421296 -0.42421296 -0.42421296 -0.42421296 -0.42421296 -0.11873534 2.54146552 2.15961862 -0.39875650 -0.42421296 -0.42421296 -0.42421296 1.00134921 2.59237862 2.07052088 1.94323862 2.46509624 2.61783504 1.98142326 -0.42421296 -0.42421296 -0.42421296 -0.42421296 -0.42421296 -0.42421296 -0.42421296 -0.42421296
-0.42421296 -0.42421296 -0.42421296 -0.42421296 -0.42421296 -0.42421296 -0.42421296 -0.42421296 -0.42421296 -0.42421296 0.97589272 2.59237862 1.66321754 0.56858933 1.14135969 1.67594576 2.24871612 2.57965016 2.61783504 2.49055266 1.85414100 0.92497981 0.21219873 -0.02963771 -0.42421296 -0.42421296 -0.42421296 -0.42421296 -0.42421296 -0.42421296 -0.42421296 -0.42421296
-0.42421296 -0.42421296 -0.42421296 -0.42421296 -0.42421296 -0.42421296 -0.42421296 -0.42421296 -0.42421296 -0.42421296 2.12143397 2.64329147 2.63056326 2.61783504 2.54146552 2.13416219 1.61230457 2.32508564 2.57965016 0.11037287 -0.42421296 -0.42421296 -0.42421296 -0.42421296 -0.42421296 -0.42421296 -0.42421296 -0.42421296 -0.42421296 -0.42421296 -0.42421296 -0.42421296
-0.42421296 -0.42421296 -0.42421296 -0.42421296 -0.42421296 -0.42421296 -0.42421296 -0.42421296 -0.42421296 -0.42421296 0.03400347 0.98862094 0.59404576 0.23765521 -0.23328947 -0.42421296 -0.39875650 2.36327028 2.40145493 -0.34784356 -0.42421296 -0.42421296 -0.42421296 -0.42421296 -0.42421296 -0.42421296 -0.42421296 -0.42421296 -0.42421296 -0.42421296 -0.42421296 -0.42421296
-0.42421296 -0.42421296 -0.42421296 -0.42421296 -0.42421296 -0.42421296 -0.42421296 -0.42421296 -0.42421296 -0.42421296 -0.42421296 -0.42421296 -0.42421296 -0.42421296 -0.42421296 -0.42421296 -0.16964827 2.56692195 1.82868457 -0.42421296 -0.42421296 -0.42421296 -0.42421296 -0.42421296 -0.42421296 -0.42421296 -0.42421296 -0.42421296 -0.42421296 -0.42421296 -0.42421296 -0.42421296
-0.42421296 -0.42421296 -0.42421296 -0.42421296 -0.42421296 -0.42421296 -0.42421296 -0.42421296 -0.42421296 -0.42421296 -0.42421296 -0.42421296 -0.42421296 -0.42421296 -0.42421296 -0.42421296 0.28856814 2.60510683 1.23045754 -0.42421296 -0.42421296 -0.42421296 -0.42421296 -0.42421296 -0.42421296 -0.42421296 -0.42421296 -0.42421296 -0.42421296 -0.42421296 -0.42421296 -0.42421296
-0.42421296 -0.42421296 -0.42421296 -0.42421296 -0.42421296 -0.42421296 -0.42421296 -0.42421296 -0.42421296 -0.42421296 -0.42421296 -0.42421296 -0.42421296 -0.42421296 -0.42421296 -0.42421296 0.82315391 2.59237862 0.51767635 -0.42421296 -0.42421296 -0.42421296 -0.42421296 -0.42421296 -0.42421296 -0.42421296 -0.42421296 -0.42421296 -0.42421296 -0.42421296 -0.42421296 -0.42421296
-0.42421296 -0.42421296 -0.42421296 -0.42421296 -0.42421296 -0.42421296 -0.42421296 -0.42421296 -0.42421296 -0.42421296 -0.42421296 -0.42421296 -0.42421296 -0.42421296 -0.42421296 -0.42421296 1.35773993 2.56692195 -0.11873534 -0.42421296 -0.42421296 -0.42421296 -0.42421296 -0.42421296 -0.42421296 -0.42421296 -0.42421296 -0.42421296 -0.42421296 -0.42421296 -0.42421296 -0.42421296
-0.42421296 -0.42421296 -0.42421296 -0.42421296 -0.42421296 -0.42421296 -0.42421296 -0.42421296 -0.42421296 -0.42421296 -0.42421296 -0.42421296 -0.42421296 -0.42421296 -0.42421296 -0.42421296 1.85414100 2.03233624 -0.42421296 -0.42421296 -0.42421296 -0.42421296 -0.42421296 -0.42421296 -0.42421296 -0.42421296 -0.42421296 -0.42421296 -0.42421296 -0.42421296 -0.42421296 -0.42421296
-0.42421296 -0.42421296 -0.42421296 -0.42421296 -0.42421296 -0.42421296 -0.42421296 -0.42421296 -0.42421296 -0.42421296 -0.42421296 -0.42421296 -0.42421296 -0.42421296 -0.42421296 -0.42421296 2.32508564 1.28137052 -0.42421296 -0.42421296 -0.42421296 -0.42421296 -0.42421296 -0.42421296 -0.42421296 -0.42421296 -0.42421296 -0.42421296 -0.42421296 -0.42421296 -0.42421296 -0.42421296
-0.42421296 -0.42421296 -0.42421296 -0.42421296 -0.42421296 -0.42421296 -0.42421296 -0.42421296 -0.42421296 -0.42421296 -0.42421296 -0.42421296 -0.42421296 -0.42421296 -0.42421296 -0.23328947 2.59237862 0.55586106 -0.42421296 -0.42421296 -0.42421296 -0.42421296 -0.42421296 -0.42421296 -0.42421296 -0.42421296 -0.42421296 -0.42421296 -0.42421296 -0.42421296 -0.42421296 -0.42421296
-0.42421296 -0.42421296 -0.42421296 -0.42421296 -0.42421296 -0.42421296 -0.42421296 -0.42421296 -0.42421296 -0.42421296 -0.42421296 -0.42421296 -0.42421296 -0.42421296 -0.42421296 -0.19510475 2.03233624 -0.25874594 -0.42421296 -0.42421296 -0.42421296 -0.42421296 -0.42421296 -0.42421296 -0.42421296 -0.42421296 -0.42421296 -0.42421296 -0.42421296 -0.42421296 -0.42421296 -0.42421296
-0.42421296 -0.42421296 -0.42421296 -0.42421296 -0.42421296 -0.42421296 -0.42421296 -0.42421296 -0.42421296 -0.42421296 -0.42421296 -0.42421296 -0.42421296 -0.42421296 -0.42421296 -0.42421296 -0.42421296 -0.42421296 -0.42421296 -0.42421296 -0.42421296 -0.42421296 -0.42421296 -0.42421296 -0.42421296 -0.42421296 -0.42421296 -0.42421296 -0.42421296 -0.42421296 -0.42421296 -0.42421296
-0.42421296 -0.42421296 -0.42421296 -0.42421296 -0.42421296 -0.42421296 -0.42421296 -0.42421296 -0.42421296 -0.42421296 -0.42421296 -0.42421296 -0.42421296 -0.42421296 -0.42421296 -0.42421296 -0.42421296 -0.42421296 -0.42421296 -0.42421296 -0.42421296 -0.42421296 -0.42421296 -0.42421296 -0.42421296 -0.42421296 -0.42421296 -0.42421296 -0.42421296 -0.42421296 -0.42421296 -0.42421296
-0.42421296 -0.42421296 -0.42421296 -0.42421296 -0.42421296 -0.42421296 -0.42421296 -0.42421296 -0.42421296 -0.42421296 -0.42421296 -0.42421296 -0.42421296 -0.42421296 -0.42421296 -0.42421296 -0.42421296 -0.42421296 -0.42421296 -0.42421296 -0.42421296 -0.42421296 -0.42421296 -0.42421296 -0.42421296 -0.42421296 -0.42421296 -0.42421296 -0.42421296 -0.42421296 -0.42421296 -0.42421296
-0.42421296 -0.42421296 -0.42421296 -0.42421296 -0.42421296 -0.42421296 -0.42421296 -0.42421296 -0.42421296 -0.42421296 -0.42421296 -0.42421296 -0.42421296 -0.42421296 -0.42421296 -0.42421296 -0.42421296 -0.42421296 -0.42421296 -0.42421296 -0.42421296 -0.42421296 -0.42421296 -0.42421296 -0.42421296 -0.42421296 -0.42421296 -0.42421296 -0.42421296 -0.42421296 -0.42421296 -0.42421296
-0.42421296 -0.42421296 -0.42421296 -0.42421296 -0.42421296 -0.42421296 -0.42421296 -0.42421296 -0.42421296 -0.42421296 -0.42421296 -0.42421296 -0.42421296 -0.42421296 -0.42421296 -0.42421296 -0.42421296 -0.42421296 -0.42421296 -0.42421296 -0.42421296 -0.42421296 -0.42421296 -0.42421296 -0.42421296 -0.42421296 -0.42421296 -0.42421296 -0.42421296 -0.42421296 -0.42421296 -0.42421296
