0.10975645
-0.08115608
0.05306270
0.12280189
0.06531753
0.08064465
-0.06407795
-0.06706645
0.01089257
-0.08190946
-0.09278768
0.05564626
-0.10241945
-0.02744278
-0.21587624
-0.15609257
-0.02278027
-0.01016103
-0.13974914
0.14655067
0.01012865
-0.01562216
-0.07625167
-0.03183938
-0.14055470
-0.09157448
0.19406132
0.02986718
-0.17027518
-0.15447120
-0.13779959
0.02142138
-0.00562505
-0.02975753
-0.03999363
-0.14034489
0.13022438
0.07873250
-0.11258785
-0.10395583
0.08235016
0.04602956
0.08673681
-0.01268998
-0.01409757
0.14929886
0.06166289
0.15935113
-0.02261465
0.10283963
0.08222032
-0.05768710
-0.11895312
-0.14897887
0.02852034
-0.12823150
-0.11875574
-0.17256998
-0.24171208
0.09384768
0.08642204
0.04014744
0.05349561
-0.16621999
-0.05942201
-0.21649863
-0.12062703
0.12526587
-0.09411241
-0.15042344
0.16473286
0.01478895
-0.13413103
0.00345985
-0.23339067
0.04466590
0.00141128
0.13254413
-0.01164713
-0.01035804
0.08281936
-0.24485183
-0.19740467
-0.01987507
0.12454738
-0.10860698
0.19276199
-0.02490491
-0.19903255
-0.05530384
-0.07148460
-0.03804137
-0.07020405
0.06844803
-0.23846067
-0.08620067
0.10839877
-0.07143720
0.12438998
-0.14774762
-0.00010352
0.01737404
-0.18389635
-0.03301867
0.05493885
0.13648154
-0.05035069
-0.06921874
-0.13515034
-0.05796520
-0.03257955
-0.06029659
-0.01773161
0.01893112
-0.07918297
0.16194311
-0.09358316
-0.14313333
0.03771853
-0.08981189
-0.09974573
0.05733426
-0.13615812
0.16909987
-0.10370666
-0.17054512
0.00377377
0.03864189
-0.11220130
-0.02862893
0.08826277
0.06516761
-0.02987009
0.02846096
-0.16062446
0.01041111
-0.00971042
0.11444389
0.08145494
0.11248847
-0.16022193
-0.12280075
0.13029313
0.05263727
0.07797463
0.09204110
0.05148186
0.08728079
0.11755623
0.05421001
0.04797358
-0.11117180
0.05611859
0.08535554
-0.14660189
0.07011507
-0.10465153
-0.09919244
0.08493231
-0.15139180
-0.12696806
-0.16790426
0.03487290
-0.09323846
-0.02162241
0.13171327
0.11188001
0.09927310
0.09070405
0.08995790
-0.14739178
-0.01878235
-0.25815982
-0.22637995
0.07929644
0.03541760
0.06220282
0.05531722
0.04786390
0.08830904
-0.21108997
-0.07484853
-0.00350432
0.13316427
0.08614004
-0.04997719
-0.06446408
0.10183783
-0.22980832
-0.31670308
0.14771022
-0.27976039
-0.12366250
0.06006139
-0.00432285
0.00442043
0.05057254
0.11238030
0.02208317
-0.12755851
0.01414070
-0.25715050
0.17698084
-0.10427450
0.03420244
-0.09891487
-0.02920764
-0.17638272
-0.12062621
0.13294005
-0.03757066
0.02761937
-0.00517889
0.12702759
0.15891768
-0.13270801
-0.04836368
-0.21985111
-0.11751946
0.11484414
-0.18014149
-0.07918294
-0.08149150
-0.06754421
-0.00597502
0.06672548
-0.11095040
0.04303002
-0.13312265
0.13714533
0.10128102
0.14528486
-0.18312597
-0.06388085
0.03312627
-0.09421599
0.16623004
0.17471181
-0.13743727
-0.04743834
-0.15772827
-0.00992125
0.05316836
-0.14132433
-0.16621442
-0.08860566
-0.22729221
0.00697652
0.08959515
-0.17103079
0.04649876
0.08613177
0.03172010
-0.07791177
-0.19388279
0.12629054
-0.10570449
0.19944339
0.07370912
-0.10178276
-0.08009434
0.08185584
0.02062812
0.11527753
0.06397592
-0.05182397
0.13740985
0.15155424
0.06111060
-0.00098304
0.05939584
0.05179769
-0.00273367
-0.07010077
0.09240208
-0.00661014
-0.16532461
-0.16452812
0.09028052
0.01679319
-0.05500061
0.06958447
-0.06289562
-0.26511589
-0.08433627
-0.01999995
-0.08777025
0.13039568
-0.07913176
0.03581234
-0.04164734
0.08995022
-0.16986389
-0.16354647
-0.11956459
-0.16669005
-0.14986740
0.10496799
-0.14347850
-0.12840089
-0.06292190
0.03143948
-0.09258457
-0.14648885
-0.36771864
-0.09124780
0.04328419
-0.16862343
0.11017941
0.03187753
-0.17659335
-0.11860579
-0.15945470
-0.08802576
0.03910727
-0.16752566
-0.11382201
-0.07206441
0.14149284
0.08465117
-0.08932739
-0.03057994
0.02644088
0.04651509
0.11670864
-0.01948678
0.03322596
0.01142643
0.08778091
-0.15906817
0.13123140
0.13327476
0.01848113
-0.03792946
-0.00743770
0.06919685
-0.20429669
0.05249864
-0.03196510
-0.17083986
0.15132719
-0.05604748
0.16058125
0.06182296
0.12895642
0.06610116
0.09198942
-0.11522795
-0.08422039
0.01167782
-0.04294318
-0.11299440
0.00457404
-0.08741035
0.05418853
0.06637467
-0.20997757
-0.03655223
0.07326110
0.00518577
-0.01915125
0.01929763
-0.01206228
0.04682202
0.16408014
-0.18017317
0.01549614
0.01145948
-0.00746785
0.10693996
-0.00320610
0.04739482
-0.04307899
0.08081388
0.08632120
-0.08897451
0.05053981
-0.13685356
-0.21212664
0.15532595
-0.03116205
-0.12205054
0.05797695
-0.22814055
-0.04028095
0.09395900
-0.03445418
0.10034659
0.04712612
0.14948419
0.05269989
-0.00158017
-0.06642306
0.00215161
0.06579748
0.06795719
0.11562690
0.08656369
-0.13773161
0.06576250
0.11452617
0.09828143
-0.08751764
-0.15633862
-0.10897605
-0.28459585
-0.18941177
-0.18216117
-0.07331696
0.06693242
-0.09663585
0.06939166
0.05271061
-0.03316550
0.06357558
-0.14847270
-0.14620012
0.02453575
0.05461126
-0.03539686
-0.15546003
0.02703242
0.03657657
-0.04920766
-0.08555911
0.02920714
0.01057671
0.01935617
-0.21807496
-0.17885746
0.01925005
-0.05172368
0.01578540
0.02308048
-0.00076870
-0.01435943
0.06384525
0.14508225
0.03409283
-0.17094941
-0.00111051
-0.10143685
0.10080521
-0.16574088
0.11417232
-0.04384734
-0.06085825
0.08122195
-0.01526220
-0.05887592
-0.07443065
0.00430803
-0.08382960
0.01882111
-0.09105089
0.13491474
-0.14447896
0.08127569
-0.09812322
0.19305645
0.10864625
-0.13552444
0.03496161
-0.06799376
0.02492094
0.04718322
-0.03871679
0.03055638
0.03540267
0.02815774
0.06326590
0.09716546
-0.26172262
-0.24479952
-0.03744711
-0.05188970
-0.09368237
-0.09985657
0.11374760
0.01738195
0.12561789
-0.00903700
-0.02136220
0.09721895
-0.11474426
0.04528758
0.13476707
0.14014627
-0.07244932
-0.02451489
0.04646930
-0.13713296
0.02758450
0.10402907
0.12733476
-0.11642509
-0.06440836
0.14172861
-0.12327004
0.11822516
0.08722609
0.01082888
0.02086876
-0.16136874
-0.09969481
-0.08597898
0.07291907
-0.20879391
-0.03200135
-0.07121623
0.10927700
-0.01055268
-0.26477191
-0.10642998
-0.03066442
0.05187814
0.02198861
-0.07212712
-0.08541613
0.02734774
0.00382666
0.09753736
-0.12097058
0.09441995
-0.20802812
0.12465879
0.05733183
-0.14183383
0.12304815
0.12949260
0.13829374
-0.02278293
-0.10460915
0.04864235
-0.17352957
-0.02996933
0.04089572
-0.09659217
0.07881546
0.15184559
-0.17871147
0.05776805
-0.24186863
-0.24467868
0.12199533
0.08752587
0.15214419
-0.14349207
-0.03683340
-0.15904327
0.05060567
-0.05018824
0.05471829
0.04665235
0.08076687
-0.11763322
-0.18722582
-0.03633268
0.05564030
0.10287768
0.06087670
0.03943383
0.04314588
0.11928605
0.03435509
-0.08782154
-0.10185937
0.03130936
0.10771219
-0.29298845
-0.02034735
-0.07369674
-0.15409645
0.11462365
0.02359269
0.03934650
-0.20803483
-0.18248227
-0.22365725
0.05585409
0.03036756
0.08220793
-0.11077560
0.04443582
0.08602398
-0.09864987
0.09483831
-0.15149394
-0.08383218
-0.06205745
0.17640392
0.08824479
0.02770856
-0.12861645
0.19860695
-0.10918717
0.14873025
0.07251484
-0.00843038
-0.00118253
0.09758794
0.02053633
-0.02164881
-0.02351392
-0.05000845
-0.16067883
-0.00931587
0.11433049
0.18625417
-0.11625426
-0.16098306
0.05514905
-0.16468407
-0.37218347
-0.21497792
-0.01169924
-0.15914206
0.03300302
0.05476515
-0.11773907
0.13075809
-0.03867722
-0.07647518
-0.11962775
-0.00481067
0.14618066
0.00037672
0.03070584
-0.01556513
0.03273313
-0.17136870
-0.23001823
0.04110675
0.03077999
-0.17196910
0.04555999
0.03427128
-0.07800913
0.08119331
-0.11793859
-0.03780168
0.18652816
-0.03974024
-0.09506763
-0.15570381
0.06791782
-0.06325078
-0.07871804
0.06265888
-0.04390013
-0.08079456
-0.11560906
-0.15335821
0.15823691
-0.00528944
-0.11307599
0.14094526
0.03052424
-0.20724781
-0.18179384
0.06958584
0.09162337
0.12206779
-0.07866982
0.02472136
0.06002922
-0.14964522
-0.00384369
0.03378517
0.09992437
0.10840847
0.11897560
0.01821573
-0.03085937
-0.00155106
0.03151843
-0.12781037
-0.12517682
-0.19486298
0.11901923
0.02343419
-0.12778819
0.00078020
-0.05412158
-0.09856424
-0.03741464
0.13121165
0.14230943
-0.07247569
0.14216587
0.11293579
0.06366365
-0.03093051
-0.15652014
-0.01432771
0.05374691
0.05372742
-0.15648824
-0.13656685
-0.07625290
-0.07090963
-0.04495536
0.08714166
-0.01471824
0.07078828
0.14117251
0.12791444
0.10215901
0.17470923
-0.11966053
-0.16781329
-0.16689698
-0.07779432
0.03894966
0.08628014
-0.02892231
0.06788102
0.02621160
-0.18779744
0.05518955
-0.04239904
-0.10038728
-0.14475560
0.14438258
-0.33386582
0.05950867
-0.12910244
-0.06189163
0.10877101
0.07028194
0.10817626
-0.24452430
0.17528339
-0.19826013
0.13209476
-0.12369379
0.11841436
-0.16527697
-0.14167076
-0.11606617
-0.16425937
0.00475199
0.03284422
-0.06102857
-0.02248051
-0.13212708
0.06548485
0.15219626
0.11766575
-0.04966751
0.11330979
-0.02398778
0.07088576
-0.07197511
-0.05640226
-0.08674140
0.02424586
0.03815893
0.05333364
0.07276617
0.09640229
0.11765034
-0.19909619
0.04281045
0.12805480
-0.06155617
0.14259452
-0.11321029
0.02935462
-0.05726356
-0.09597906
0.02076245
0.08521229
-0.06634352
0.04454420
0.06917735
-0.24990076
0.20358332
-0.18947993
0.06803990
-0.01918698
-0.11353101
-0.13111612
-0.04905727
-0.08910993
-0.24252579
0.08906067
-0.03154871
0.07486418
-0.04107165
0.10152507
-0.09553070
-0.02400386
-0.09749433
0.11650234
0.02661455
0.05179950
-0.19893163
-0.15764321
-0.02800265
-0.05317299
0.00853453
-0.13654163
-0.09400962
0.06449310
0.09168962
0.09656165
0.11408506
0.05039598
0.02540095
-0.03290139
-0.15379842
0.12873697
0.00540147
0.07375956
-0.03775337
-0.25559402
-0.11998177
-0.03613186
0.04976466
0.12297529
0.08840358
0.08421318
0.02817925
-0.22924595
-0.21746807
0.07964005
-0.02268308
-0.02338499
0.10178868
0.09777521
-0.03082205
-0.20552759
0.00404879
0.13366431
0.08401205
-0.12921746
0.01902848
-0.22885627
-0.04229822
