-0.16504167
-0.13768351
0.10257514
0.19633214
0.01372429
0.05689263
0.10795020
0.03414357
0.07316524
0.11930829
0.21933487
0.05848491
-0.13323921
-0.02223983
0.01029967
0.04447319
-0.13341221
-0.19175893
-0.08432971
-0.09115518
-0.25508121
-0.11504028
-0.02942545
0.01155707
0.05163301
-0.01816078
-0.02606856
-0.00472671
-0.20775411
-0.20319308
0.19201554
0.25113770
-0.03237003
-0.21635960
-0.03083571
0.24779652
0.03696125
-0.19960923
-0.09388297
-0.04978824
0.22446711
-0.09891945
-0.08592791
0.02714655
-0.10051993
0.12063611
-0.13348268
0.05735514
-0.01610783
-0.12362433
-0.02725408
-0.12502678
-0.25356519
-0.26853707
-0.00983250
-0.06346554
0.01263187
-0.29750130
-0.18229930
0.00534775
0.02009253
0.13339283
-0.17124280
-0.21033482
0.14281331
0.21296556
0.12088029
-0.11080497
0.02469721
0.20495322
-0.02008763
0.11576702
0.04170257
-0.01190478
0.17325616
-0.29318616
-0.25631621
-0.09621163
-0.00874055
-0.02208951
-0.08620460
-0.23208167
-0.39544511
0.04695786
0.19648372
0.06860624
0.02563660
-0.15325634
0.12575126
0.12981312
0.22698899
0.12504125
-0.04942405
0.13676715
0.14697714
-0.11060738
0.21039706
0.07499066
0.07382449
0.13759589
-0.07510414
-0.29179671
-0.30098012
-0.21930765
-0.02341338
0.02160510
0.15048139
-0.06393547
-0.38334000
-0.06119078
0.12874563
0.07545397
0.02670761
-0.10943965
-0.10457199
0.03236614
0.06215346
0.00225118
0.00307744
-0.08415364
0.14123252
0.13947126
0.17931575
0.04748104
0.06817704
-0.08576377
-0.07130545
-0.00882438
0.03350915
-0.04586010
-0.25981146
-0.27232450
-0.32603264
-0.05882601
-0.11004688
-0.26553980
-0.29696441
-0.18517736
-0.02958968
0.01863620
-0.41920671
-0.17301311
0.11536787
-0.01992796
-0.01807401
-0.30028418
0.18984613
0.22809659
-0.10414511
-0.08635835
-0.31312495
-0.33530179
-0.04928140
0.06722192
0.15500017
-0.15358450
-0.34757066
-0.11587339
-0.17532513
0.03211161
0.10227566
0.13173880
0.05590625
-0.07570198
-0.24780948
-0.08037916
0.10874029
0.03372620
0.03878597
0.06858139
-0.21969987
-0.00696266
-0.17462371
-0.02498536
0.12892157
0.08305466
0.08775101
-0.21899185
-0.12980373
-0.26811445
0.12531598
0.08891661
0.07357343
0.07549349
-0.07222830
0.04614295
0.07461698
0.14132091
0.14340010
0.15733738
-0.06394085
-0.04835685
-0.10760856
0.01985075
0.00991529
-0.13619299
-0.08131733
-0.02668249
-0.03449834
-0.06403606
0.01961498
0.06979445
0.00060662
0.02501532
-0.01182941
0.16257921
0.07142330
0.06298199
0.23306154
0.18164940
0.04546715
0.01764935
-0.06075102
0.03700960
0.10654444
-0.12907623
-0.02063164
-0.07468066
-0.06544445
-0.12502863
-0.01453525
0.00464638
0.05116920
-0.01973493
0.06029901
-0.06967390
-0.00579255
-0.00373627
0.11395918
-0.01023230
-0.04164786
-0.19068785
-0.16878414
-0.07567842
-0.03815507
-0.07506248
-0.18160419
-0.10525820
0.02956103
-0.17028642
-0.18739219
-0.04095526
-0.06218799
0.02725748
-0.06700496
-0.05970000
-0.01355326
-0.11963145
0.01637435
-0.01668405
-0.16952936
-0.10073163
-0.20256905
-0.07849305
-0.04152980
0.09672825
0.08796860
0.03051834
-0.06821936
-0.04209281
0.05158619
0.19167355
0.27281040
0.18080106
0.26105431
-0.06541493
-0.07048196
-0.03353312
0.17097011
0.14574657
-0.10860369
-0.09978978
-0.00572506
-0.01412559
-0.00051491
0.11095503
0.15286872
0.13143480
0.16192026
-0.06728835
-0.01827454
-0.06600635
-0.09727366
-0.04193826
-0.15696990
-0.05305407
-0.26385084
-0.17143606
-0.07591335
-0.31914130
-0.02547926
0.00086601
0.03987037
0.03624836
-0.10483345
0.05000553
-0.11450881
0.01579765
-0.08218837
0.04731903
0.12185579
0.00206962
-0.00874687
0.12524028
0.09529284
-0.28039882
0.18260299
0.04726747
0.03715640
-0.09184273
-0.05991498
0.03936448
-0.04809024
-0.15845427
0.12231930
0.06020451
-0.23594783
-0.00793043
0.01859201
0.05983286
-0.02124601
-0.12855764
0.01837241
0.19869539
-0.00039563
-0.26119605
-0.28330064
-0.15527627
-0.17551564
-0.08732042
-0.19662057
-0.27044603
0.02820929
0.20691286
0.18062547
-0.11829812
0.02961218
0.20744412
0.12040589
-0.02571609
0.09351755
0.21019720
-0.01960794
-0.20925213
-0.00821064
0.15578367
-0.03302631
-0.34953573
-0.05411110
-0.06902816
-0.02317450
-0.04721390
0.01777839
0.05334154
0.13147080
-0.07929215
-0.00834082
0.07751264
0.25063011
0.13444981
-0.03667440
0.09571045
0.12705615
-0.13525391
-0.16858865
0.08513115
-0.00126941
-0.11223333
-0.09541694
-0.16488689
0.15704450
0.03801199
-0.08049930
-0.03842918
-0.15539873
0.00363822
0.02411488
0.07676806
0.10188203
-0.04657201
-0.15581715
-0.04924405
0.13152494
-0.00912863
-0.06993823
-0.06843627
0.06838942
0.01992000
-0.02909897
-0.23174435
0.00937669
0.10528001
-0.23604001
-0.19074535
-0.25847268
0.20005013
-0.18955277
-0.27197057
0.00476111
-0.25223094
-0.12358983
0.03182959
-0.04543099
-0.01729816
0.08280746
-0.12467644
-0.16340736
-0.03800974
0.10100266
0.05908209
-0.08599318
-0.00298374
0.04568356
0.06176362
0.08171407
0.04722498
0.01527087
-0.02487444
0.01797263
-0.01195903
0.08790675
-0.11015406
-0.01058032
-0.07268076
-0.09133562
-0.01318997
0.04588687
0.04420045
-0.09766509
-0.10549380
0.02830186
0.04824085
0.00313262
0.01840864
0.00502111
0.12168587
-0.07548910
-0.37077615
-0.10157964
0.07217310
-0.10485405
-0.27835903
0.02505597
0.01548036
0.05795578
-0.07714485
-0.06292353
-0.05851146
-0.28725991
-0.18134032
-0.13643044
-0.16791217
-0.00027609
0.13958459
-0.03791119
0.02804330
-0.22726822
0.02054578
0.26476866
0.18132192
0.11679085
0.14877240
-0.13361041
0.00460629
0.10994805
0.06094715
0.38544405
0.27517962
0.02709423
-0.31128231
-0.23201677
0.11401622
0.17051312
0.09774005
0.05355993
-0.02360117
-0.04049410
0.10018086
-0.01481432
0.00379134
0.10093946
-0.03611289
-0.08477493
-0.19625407
-0.23664591
0.03370790
0.07080897
0.05053418
-0.01881839
-0.05392303
-0.25977674
-0.08097589
0.03649789
0.17068467
0.09406897
0.04051105
-0.01515198
0.02912320
-0.05983397
-0.10337468
-0.08598435
0.01937636
-0.06203927
-0.07633320
-0.03231674
0.09879777
0.03914890
-0.10830962
-0.08279133
0.05758335
0.01956801
-0.00720323
0.03607320
-0.07062468
0.03553900
-0.06427958
-0.07013372
-0.05857022
-0.20716427
-0.02667528
0.08269601
0.06261169
0.08841893
-0.21368596
-0.13531685
-0.05520492
-0.04448305
0.00021615
0.06155312
0.13306983
0.10201894
-0.11350682
-0.15793563
0.05948053
0.14362600
-0.07734151
-0.08485028
-0.36482784
-0.11450695
0.07824790
0.09019908
0.11021266
-0.12594973
-0.31238946
-0.16714160
-0.05455603
0.10425030
0.10165458
-0.20094557
-0.13845095
-0.13456593
-0.12990056
-0.03688388
-0.06388954
0.10177811
0.01679606
-0.10629781
-0.17253268
-0.25757650
-0.10149662
0.04833212
0.21118373
0.04666898
-0.08541157
-0.27891055
-0.15569530
0.13043912
0.23205867
0.21611765
-0.03547286
-0.15519074
-0.13362691
0.00714079
0.14120857
0.10929571
0.14775036
0.10646325
0.06508978
0.12224288
0.04752223
0.06820291
-0.17486316
0.13033801
0.04689993
0.04443858
0.00818378
-0.12770337
-0.25277007
-0.28391799
-0.00264325
-0.03644084
-0.22579834
-0.16176707
-0.24234019
-0.10480184
0.18836160
-0.04170514
-0.21306112
-0.01145558
-0.06413127
-0.11556716
-0.20701121
-0.01156919
-0.13745919
-0.17077617
-0.21037446
-0.05188604
-0.02770918
-0.20433854
-0.00989421
-0.00979580
0.13506721
0.14259680
-0.42524388
0.15120411
0.09228175
0.14119084
0.11123955
-0.50989181
0.21087374
-0.04225363
0.14341974
0.16509718
-0.22605245
0.00596217
-0.00046231
-0.01110180
-0.13324144
-0.01247235
-0.00366767
-0.00893275
0.06923306
0.02722064
0.12698694
-0.01430459
0.11434389
0.03246938
-0.08265874
-0.12512992
-0.23914634
0.06384254
-0.12481335
-0.13797848
-0.52629489
-0.10741609
0.01013903
0.06277877
-0.10625767
-0.30821836
0.02942205
-0.03806016
-0.06517777
0.08768906
0.10911290
0.13892420
-0.14388804
-0.18813086
-0.05334724
0.09807082
-0.09758134
-0.12754594
-0.30141997
0.00562694
0.03900051
-0.51788950
-0.13864805
0.06453878
0.15668499
0.00383529
-0.18113288
-0.00064121
0.09523012
0.18985182
-0.02383366
0.07672755
0.09443165
-0.03018517
-0.06110899
0.11612293
0.12551248
-0.11762296
-0.19539902
-0.00466221
0.13351338
-0.31894922
-0.27941480
-0.02116723
0.09221528
0.08333751
-0.29033566
-0.19753143
0.13362218
0.19496447
-0.22872496
0.25342152
-0.00928987
0.24575248
0.36669913
-0.19351877
0.21764365
-0.12403452
-0.04438107
0.03736622
-0.01405619
0.05676927
-0.04911888
-0.06527191
0.00205326
0.09780595
-0.01832331
0.24420753
-0.04736995
-0.01971143
-0.16409698
-0.12268145
0.22201830
0.11119868
-0.05245876
-0.12467073
-0.21492898
0.04566671
0.07555486
0.01522240
0.05394029
-0.15381463
0.15519716
0.25214726
0.20000963
0.10314187
0.04356304
0.00069455
0.17492683
0.03660738
0.03359346
-0.21253702
-0.15991138
-0.11136796
-0.06496353
-0.09967101
-0.01705512
-0.07951491
0.03871693
-0.27391267
-0.19796294
-0.03445451
0.17986563
0.08008462
-0.20517667
-0.15388274
0.11816949
0.01256387
-0.24987298
-0.08866215
0.03389302
-0.10705122
0.10604923
-0.17041279
-0.22135572
-0.17571658
-0.33276710
-0.06596868
-0.02884438
-0.09227539
-0.08194256
-0.15263247
-0.07960400
-0.15448508
-0.10244177
0.08021965
0.15847138
0.13654609
-0.08741755
0.12192439
0.26216793
0.25602990
-0.09162284
0.04210186
0.04984755
0.12224273
0.00800355
-0.06982943
0.07486760
0.18573338
0.13391228
-0.07789325
0.10643601
-0.00265458
0.04078194
-0.00472643
0.11866871
-0.00679478
-0.06182551
0.05965470
-0.05586061
0.06080863
-0.19404569
-0.34210563
-0.17350067
0.08813760
-0.08075348
0.04172461
0.01217098
0.02543965
0.15236178
-0.08965542
0.17212202
-0.03772345
0.04688288
0.05120421
-0.06995551
0.18454894
0.02439694
-0.08333912
0.20136142
-0.05252835
0.08361197
-0.12800801
-0.16491252
-0.15826818
-0.18084277
0.09321567
-0.19388251
-0.18276499
-0.01402875
0.07007308
0.07265616
-0.27505848
-0.01076511
0.10912149
-0.02623070
0.11558445
-0.06716667
-0.02349945
0.07248315
-0.15019526
-0.02459391
-0.07665364
-0.07869466
-0.08734663
-0.34941679
0.02031478
-0.03671159
-0.29156488
-0.26448175
-0.20774710
0.00290075
-0.26830047
-0.46780631
-0.20962363
-0.05523461
0.03298911
-0.02326704
-0.07744998
-0.10135639
-0.10016652
-0.00172244
0.05485469
0.15247522
0.04336432
-0.12143338
0.08327760
0.12395728
0.11946008
0.12107564
-0.00447307
0.17214656
0.07426697
0.01683529
0.10651553
0.05603755
0.19657820
0.15031236
0.06795491
-0.08765597
-0.15393110
0.01186605
0.02109080
-0.11620038
-0.03182750
0.13371047
0.04860740
-0.21549621
-0.16868775
-0.13079552
-0.00160763
-0.03320141
-0.34236255
-0.24735290
-0.16632220
-0.01728610
-0.01154341
-0.16228874
-0.13715200
-0.08245908
0.02356521
-0.35282314
-0.15919083
-0.05706992
-0.13871646
-0.02081234
-0.25116488
0.02913130
0.06789768
-0.13245961
-0.07797118
-0.17943691
-0.01738727
0.01171760
-0.08095932
-0.06187418
0.10427485
-0.07308248
0.06965470
0.14873816
-0.09652437
0.03883383
-0.15430455
0.20814075
0.18474998
-0.12165542
-0.26215526
-0.29049066
0.11358923
0.29221174
0.00395758
-0.14249229
-0.06566624
-0.03204792
-0.03097947
0.09438201
-0.01729565
0.14046533
0.00357706
-0.10549384
-0.22471237
0.05817258
0.14467543
-0.06540668
-0.26059869
-0.31007248
0.02620430
-0.27408779
-0.51090240
-0.47447041
-0.18055294
0.27386421
-0.09251231
-0.16411781
-0.29778603
-0.19554174
-0.27629638
0.06038702
0.18238330
0.04313102
-0.10828430
0.05890603
0.05484940
0.04120177
0.11220751
-0.20319223
0.00567194
-0.08887578
0.00048197
0.26444298
-0.08247826
0.10581630
-0.09120563
-0.21325202
0.16948514
-0.16377594
0.20918277
-0.03224426
0.13936238
0.15015481
-0.06371033
-0.10516522
0.11795665
0.10594918
0.06920555
-0.00102490
-0.07780273
0.03728677
0.06581151
0.01414404
0.07700872
0.07163046
0.01310169
0.10814170
0.13623971
-0.20457596
0.06520937
-0.08384747
0.18688129
0.08632365
-0.21990781
-0.03768694
-0.15648609
0.08324562
0.04960391
-0.30269817
-0.09898030
-0.21021211
-0.00898609
0.09674135
0.01680229
-0.02554484
0.00925002
-0.07412829
0.04514678
-0.03498476
0.06873441
-0.00713689
0.01023016
0.03030912
0.00588669
-0.13463061
-0.09333554
-0.14710422
0.05497266
0.15433729
-0.04071623
-0.01909312
-0.29616067
-0.13599969
-0.06525628
0.06272308
0.13905685
0.16774748
-0.16882731
-0.28210297
0.02059995
-0.03924586
0.01136682
-0.19693573
-0.25533488
0.00380242
0.02268252
0.14687057
-0.31990260
-0.21596375
0.04715525
0.22739036
-0.01256058
-0.23946472
0.03726764
-0.17720304
0.10685358
-0.04214629
-0.03016331
0.13368934
0.01026148
0.13376711
0.11111062
-0.15753293
-0.20211522
-0.12081193
0.06697492
0.19448540
0.09825496
-0.12825459
-0.14570685
-0.04075985
0.00253107
0.19760032
-0.10038868
-0.10416318
-0.24849027
-0.07945142
0.16366525
0.19103302
0.02649309
-0.05016239
-0.09395283
0.04436895
0.19312488
-0.01777101
-0.01421521
-0.09072697
0.12250107
0.12754850
0.04961133
-0.00221880
-0.04149281
-0.05044008
-0.11604752
-0.14668807
-0.32459441
-0.24028924
0.06266593
-0.03118763
-0.16228718
-0.30027795
-0.13012497
-0.10147726
-0.28457189
0.01548281
0.04772938
0.07669504
0.04626788
-0.05590165
0.08566672
0.03123889
0.06761680
-0.15102369
-0.07818873
-0.05813539
-0.26044291
-0.00216279
-0.05921112
0.14766665
-0.21206023
-0.28188574
-0.05220844
-0.01249231
0.06529123
-0.14842479
-0.15981181
-0.07132723
0.04081091
0.13952982
0.00580193
0.01422772
0.14116327
0.10656284
0.06697918
0.00362970
-0.10657877
-0.16657203
-0.19004875
-0.13638085
0.01571638
-0.06565902
-0.08866955
-0.05171253
-0.16779174
-0.27964580
-0.06372210
0.01575421
0.00128229
-0.02923931
-0.23071153
-0.06167497
-0.00478915
0.16130461
0.10185907
0.00611740
-0.08039337
0.07124539
0.00777520
0.02756570
0.12044869
0.11872166
0.19021244
0.01531494
-0.11959581
0.06027042
0.01349972
-0.00103650
0.12162793
-0.06176608
-0.11786839
-0.10131453
-0.07978109
0.16751646
0.08279620
-0.15270980
-0.18074688
-0.09542044
-0.08532738
0.08783790
-0.23338862
-0.07637041
-0.02354271
-0.16989011
-0.04183878
-0.12230577
-0.22973438
-0.23213355
-0.18013377
-0.15055978
-0.01230119
-0.04802320
-0.00026331
-0.10220259
-0.17481366
0.14042903
0.05160600
-0.09072022
-0.12955838
-0.25556701
0.12806076
0.02259917
-0.14463952
-0.05725491
0.02382855
0.09099071
0.16182230
0.11470348
0.02170362
0.03135340
-0.17936598
0.00143468
0.09622978
-0.12162737
-0.13641411
0.04755683
-0.09989461
-0.15982491
-0.34258437
0.04012168
-0.01021065
-0.15244032
-0.33259273
0.11065523
0.13358727
-0.12933369
-0.09764782
-0.06297223
0.03159942
0.06118541
0.04441471
0.10204606
0.00118886
-0.08137441
0.06751190
0.18633318
-0.18987347
-0.17779136
0.01165267
0.17256583
-0.35534093
0.00387931
0.15568395
0.18313953
0.11896960
0.16803984
0.14754951
0.12359829
-0.14354555
-0.10324213
0.17899805
-0.14407428
-0.32148230
0.13621700
0.02526297
-0.23548536
-0.08931417
0.12331337
0.06475266
-0.08039674
-0.14811940
-0.18669128
0.11381882
0.13265735
0.09749870
-0.00904555
0.04789074
0.08570357
-0.06393726
-0.03863417
0.05544791
-0.09978556
-0.14034970
-0.08572081
0.01530528
0.06534012
0.07136296
0.17270677
0.05616673
0.02089431
0.05614896
0.11953004
0.10928225
-0.10897847
0.05024626
-0.04901076
-0.05592625
-0.03301369
-0.10890083
-0.20787445
-0.11143390
-0.01487456
0.06835433
-0.25846851
-0.18418176
0.00027831
0.03694606
-0.20083055
-0.10494247
0.00898048
-0.03299644
-0.02340825
-0.12247162
-0.10184065
0.05116853
-0.03831934
-0.01014292
-0.04130226
-0.07304010
-0.00625422
0.11764492
0.09882435
-0.04939348
-0.03680626
0.04692220
-0.03338119
-0.05274736
-0.05213726
-0.00168847
0.08027460
-0.04757050
0.09703290
0.04541080
0.03038496
-0.05619125
0.09619257
-0.08014535
-0.02981166
-0.07370188
-0.11340909
-0.00006345
-0.06026845
0.01913458
-0.03801673
0.00524125
0.03132349
0.08230401
0.10368691
0.03840574
-0.10524992
0.05159548
-0.11043068
-0.26735431
-0.14329946
-0.13875222
-0.16722189
-0.40080959
-0.03166446
0.17925316
0.01679403
-0.12627578
0.10990310
0.09066419
0.03714453
-0.13866636
0.03210773
-0.01550207
-0.07858811
-0.22491634
0.02778564
-0.12245889
-0.17708768
-0.14773364
-0.19185282
-0.28135806
0.00421034
0.00913838
-0.08588775
0.02599015
-0.17287934
0.10293777
-0.03558610
-0.01345004
-0.00334871
0.06352837
0.00904654
0.17968695
0.00875621
0.02272032
0.00552622
-0.03128400
-0.10230657
-0.14214113
-0.10238610
-0.19363146
0.06095616
-0.14105509
-0.13097854
0.00925385
-0.04946308
0.05346001
0.06074295
0.14376742
0.17125456
0.21681970
-0.13217598
0.03339659
0.07077473
0.18611462
0.08131748
-0.37379479
-0.45817733
-0.53894699
-0.38906157
-0.06153770
0.05405824
0.04859140
0.06679819
0.20377120
0.07696557
-0.00725658
-0.07044187
0.05547738
0.08470757
0.20481324
0.14798135
0.13359541
0.17824526
0.15093860
0.13392752
-0.17447707
-0.21130243
-0.06267239
-0.09420137
-0.11505823
0.03804885
-0.04594759
-0.10174219
-0.10223846
0.09571013
0.21997818
0.01203501
0.08322713
0.01425314
0.10162951
0.16976835
-0.00106262
0.10673216
0.11748139
0.00563040
-0.00523327
0.05800536
0.02644030
-0.03309068
-0.06207659
-0.06695960
-0.05476760
0.04352686
-0.06401190
-0.00770346
-0.05039805
-0.05100232
-0.06132012
-0.09952051
-0.04506676
-0.00554252
0.01574885
0.05833538
0.02425029
0.03794077
-0.09244062
-0.05244553
-0.06695283
-0.13885006
-0.06719929
0.12702422
-0.02016936
-0.01171521
0.11558013
0.08199304
0.11902401
0.14013591
0.03536734
0.00193494
0.08830406
-0.15523383
-0.18016829
-0.17561728
-0.10158156
-0.16065975
-0.03058893
-0.24802935
-0.32484967
-0.17460452
-0.07632060
0.02335135
0.08925120
0.08012509
0.15211779
-0.01550010
-0.02712611
-0.12915030
-0.23470928
-0.14902554
-0.28271395
-0.02647757
-0.01419941
-0.09803291
-0.04377276
-0.20135666
0.02628171
0.08618610
0.13367666
0.18834022
0.13346659
-0.13100563
0.01538277
-0.05417399
0.06252819
0.26380748
-0.03731324
-0.01308592
-0.05331765
0.02357470
-0.09483004
-0.09465186
0.02582796
0.14187273
0.12887447
-0.16381019
-0.19448075
0.06790473
0.03304510
-0.13423815
-0.22747312
-0.11241010
-0.03868246
-0.16082263
-0.20792533
-0.18444769
-0.11410102
-0.25797990
-0.00503811
0.06840542
-0.06049760
-0.02374533
0.12274225
0.02331978
-0.01308577
-0.07839085
0.00910029
0.06339488
-0.05247494
-0.06241546
-0.10735215
-0.05778132
-0.12523077
0.15525335
-0.00754565
-0.24717794
0.04239829
0.10116352
0.10015795
-0.03938950
-0.41999429
0.18744966
0.14228694
0.01886323
-0.21433331
-0.14292601
0.08399083
-0.08034800
-0.01445236
-0.02170790
0.04236077
-0.07508022
-0.13480537
-0.05723403
0.07606893
-0.04993694
-0.19657838
0.13171729
0.10306210
0.11692099
-0.06060807
-0.13706811
0.12821130
0.05901948
0.25042158
-0.00574553
-0.04629668
0.01359120
-0.05743228
0.05615501
0.13616972
-0.05117742
-0.17756867
-0.12903944
-0.06238896
0.03965861
-0.25601491
-0.02594149
-0.00736116
0.23016627
-0.02722519
-0.19661595
-0.00284625
0.08603679
0.26200908
0.02599727
-0.11319371
0.11621220
0.10629971
0.20856015
0.04884016
0.08726940
-0.02137611
0.23344785
0.13158554
0.05396043
-0.09145386
0.10490348
0.01965422
0.16458355
-0.04729924
-0.05020828
-0.10082770
-0.05626051
-0.04456067
0.01710453
-0.18909200
-0.16322564
-0.08197805
-0.06640655
-0.02766020
-0.12662710
-0.03351985
-0.04347757
-0.13289504
-0.06633661
-0.01548562
0.00382350
-0.13898101
-0.15668093
-0.15229076
-0.11976088
-0.21859552
-0.19498500
-0.19338816
-0.04414069
-0.04089401
0.01161180
-0.11071450
-0.15193056
-0.21191940
-0.11480453
-0.01972470
-0.16174026
-0.18840382
0.13228987
-0.03999448
-0.10816900
-0.22929162
0.27464670
0.23958929
-0.00207608
-0.03425753
0.19512126
0.29541680
0.09668790
0.17422915
0.00773564
0.03590512
0.01948856
-0.13009878
0.12234109
0.13731195
-0.01286504
0.04233665
-0.09674738
0.15650405
0.18753049
0.11839709
-0.03288142
-0.13261318
-0.05901899
0.05205733
-0.04306496
-0.18622008
-0.16377831
-0.15433952
-0.29847246
-0.15939073
-0.00035880
0.05432861
0.10058004
-0.03236006
-0.03671816
0.10914679
0.17341328
0.02033970
0.08732215
0.04800569
0.21602421
0.10275534
-0.26032197
-0.25620127
-0.18930882
-0.22980922
-0.25340953
-0.28345969
-0.54320216
-0.41077018
0.05813134
0.04522845
0.11750118
0.11963908
0.12956618
0.21320461
0.18480873
0.15399300
0.11913924
0.06915057
0.18603785
0.16336073
-0.15527990
0.03261616
0.10197186
0.00461796
-0.10372728
-0.29630840
-0.25832441
-0.33707631
-0.12410463
-0.03382060
0.05199875
0.03101327
-0.11430471
-0.04974874
0.01748914
0.13093485
-0.07417244
-0.03947749
0.00166627
0.06599900
0.03378676
0.03843517
0.10373411
0.10254524
0.11463930
0.00661996
0.06207296
0.04100676
0.07773153
0.07489312
-0.14156957
-0.04634899
-0.03422421
-0.01443943
-0.14605023
-0.20166735
-0.11914214
-0.25136650
-0.17645529
-0.09455365
-0.11287930
-0.16538851
-0.01186033
0.04322732
-0.00026147
0.01042553
0.05150308
-0.01904450
0.09284291
0.10235940
0.07189506
0.07426016
0.15566978
0.07885865
0.11281575
-0.08252399
-0.00405188
0.03953974
0.02177171
-0.12948273
-0.30192965
-0.46256003
-0.42114806
-0.16175988
-0.22953106
-0.08944049
-0.12683788
-0.20020168
-0.06372792
-0.01095087
-0.07033527
-0.14819624
-0.10374061
-0.20122854
-0.13087295
-0.09287840
-0.03606770
-0.10159210
-0.06550196
-0.02518373
0.12806718
0.03010716
0.09422832
0.13111793
0.23617692
-0.01248863
-0.09466737
0.11571948
0.18253514
0.16910321
0.05583877
0.00335089
0.01926362
-0.08610870
0.10354459
-0.14611909
-0.08465638
-0.06014988
-0.20657659
-0.14444061
0.11187536
0.10657228
0.18349585
-0.03638098
0.00914576
0.07678248
-0.05080578
0.24076419
-0.04512662
-0.06397863
0.04275135
-0.05012958
0.19236620
0.19544841
-0.14841017
-0.05087913
-0.12245314
0.09288611
0.22701688
0.11695486
0.16173916
-0.03967915
-0.27142084
0.03289701
0.01064391
-0.06790990
-0.18396769
-0.06954227
0.08633676
0.04883808
-0.07398532
-0.28590271
-0.01672683
-0.11972101
-0.13876611
-0.03343558
-0.20280226
-0.07755589
-0.22706759
0.00962005
0.16655128
0.07003820
-0.10121571
-0.17270680
0.01415330
-0.19869886
-0.32751155
-0.16956455
-0.05436976
-0.08006138
-0.07991431
-0.30204371
-0.06685310
0.07405477
-0.07600734
0.25612852
-0.32963336
-0.05200981
0.08581225
-0.20047997
0.20788366
-0.06748127
0.14357328
0.17824101
0.06689232
0.27799910
0.05546051
0.11677416
0.18987608
0.04517425
-0.05809360
-0.27683896
-0.20849231
-0.10333531
-0.05827641
0.01335779
-0.07053638
0.10445828
-0.01647874
-0.12869036
0.16373357
-0.03331277
0.20555492
0.05313439
-0.26460901
0.15350008
0.03515272
0.30582032
0.06258428
-0.11688649
0.09144812
0.05983267
0.24459502
0.16243410
-0.18599686
0.01880547
-0.26631579
-0.24406467
-0.22343673
-0.16245699
0.02680796
-0.22254126
-0.18639742
-0.16857876
-0.20920151
0.08892960
-0.15374774
-0.19035341
-0.10666665
-0.18108778
0.06482919
-0.02693608
-0.18538643
-0.07017044
0.11490913
0.14983946
0.11413231
-0.07100923
0.04054399
0.10231126
0.04471191
0.08753618
0.21544172
0.10558369
0.09321305
-0.12134057
-0.06449787
0.11212718
-0.12709072
-0.04116711
-0.23099169
0.02110700
-0.06401111
-0.16938792
0.07435641
0.06214765
0.16211829
-0.01828513
-0.03571527
-0.06284072
0.19370395
0.09506530
0.01830727
-0.11312254
-0.31622788
-0.19361289
-0.22824316
-0.01405314
-0.09887370
-0.13192129
-0.24212892
-0.21635726
-0.05396401
-0.16350567
-0.42510134
-0.23501033
-0.10471148
-0.02085468
-0.16065334
-0.18715307
-0.12750895
0.10783178
0.08000822
-0.14566401
-0.14700912
-0.12767990
0.03592356
-0.00184966
0.00833542
-0.09581950
0.00730570
-0.03613216
-0.22196750
-0.14454862
0.09644276
-0.25397205
-0.42253792
-0.08295655
0.14248852
0.16488868
-0.27499932
-0.11175375
0.05836529
0.08341071
-0.15471306
-0.33080569
0.00487747
0.02179030
-0.08975989
-0.12503079
-0.11031402
0.09781855
0.02331498
-0.03610514
-0.21094412
0.11485356
-0.27197617
-0.02419655
0.03871163
0.21848582
0.04640197
-0.18167865
-0.04311446
0.06222060
0.10722044
0.03833891
-0.16543092
-0.03936815
0.01468698
-0.05903700
-0.25783992
-0.10622408
0.08710118
-0.00412068
0.02928740
-0.08035928
0.09524325
0.11600344
0.11502642
-0.12013541
0.02726082
-0.01890382
-0.01000384
0.04083100
0.05446446
-0.02711203
-0.13378710
0.05278786
0.13893349
0.10767347
-0.22180967
0.02461093
0.15906450
0.08221021
-0.13191748
-0.09779605
0.02533854
0.11605151
-0.00276440
-0.32296237
0.04630232
0.09027904
0.11076600
-0.06076132
-0.14103137
0.08622239
0.10547123
-0.03366658
0.02792970
0.06432216
0.09396187
-0.09262531
-0.03438832
-0.03001265
0.06331858
-0.15815189
-0.17910324
-0.12868653
-0.05787299
-0.11692521
-0.15845971
-0.12124111
-0.03238106
-0.05444256
0.03292884
-0.18880422
-0.00683647
0.02833052
0.01430969
0.09903023
-0.13882132
0.09238578
0.20315105
0.02402736
-0.06166773
-0.02590427
0.06955838
0.16822678
-0.00247225
-0.10354190
-0.00332862
0.13515890
0.05165409
-0.07682817
0.04447746
0.10270771
0.07076205
-0.14154696
-0.09961015
-0.03048313
0.07844849
-0.11535301
-0.13620511
-0.10767610
-0.14248541
0.04590913
0.17465876
-0.04072146
-0.12266886
-0.11945296
0.07511307
0.11853930
0.01192227
-0.20492281
0.00701487
-0.04390385
-0.00934473
-0.26006934
-0.49590960
-0.00747338
-0.02425241
-0.02766593
-0.01000701
-0.44455323
-0.26336700
-0.00537982
0.06437009
0.00919043
0.05785672
-0.35775071
0.09577254
0.08624338
-0.01880549
0.06496627
0.06086012
0.05368251
0.07806050
0.08382501
-0.00939444
-0.01596087
-0.01491931
0.10367633
0.06939971
-0.20942003
-0.23575002
0.12349769
0.06186388
-0.29656285
-0.26213172
0.13617286
-0.10936949
-0.04105059
-0.06620248
0.08351279
0.24646413
-0.04113681
0.03380773
0.09369262
0.11220065
0.11524322
-0.01620403
-0.00075660
0.15574725
-0.03651527
-0.28317589
-0.02932630
-0.05119637
0.15225214
-0.10831161
-0.22159362
-0.07935977
0.08957883
0.10292299
-0.00537242
0.00235145
-0.15061305
0.08891034
0.04397003
0.00834245
-0.16231753
0.01516647
0.10569336
-0.07219066
0.09947766
-0.11906634
-0.05921886
0.04212997
0.19283120
0.07571563
-0.29668146
0.07778747
0.16541153
0.07741232
-0.12406057
-0.06465426
-0.01430592
0.13737303
0.03474518
-0.32254201
-0.30868483
-0.05071815
0.13248909
0.01341633
-0.22335774
-0.53902662
0.03177216
-0.02299144
0.02290096
0.05980210
0.00215050
-0.07362796
0.04917426
0.01203998
-0.00741989
-0.08740870
-0.02456592
0.10865107
0.00747894
0.01315650
-0.26877061
-0.03716383
-0.07512755
-0.03082400
0.04599349
-0.17206737
-0.05187651
0.04675056
0.08522997
0.05454422
0.02098041
-0.15808471
-0.14338137
-0.21420188
-0.50593030
-0.17792608
-0.21430486
-0.25761485
-0.46414104
-0.28219393
0.05604316
-0.13635699
-0.09950601
-0.31463042
-0.10792470
0.11080100
0.13690574
-0.10825507
-0.33805788
-0.14847837
-0.31958580
0.06483909
-0.24208373
-0.36363399
-0.31327373
-0.28474015
0.00561704
-0.09989646
-0.04076529
-0.09203818
0.11407197
0.15652430
-0.03974186
-0.07177231
-0.02540682
0.04064083
0.05259173
-0.02555566
-0.40386605
-0.19078133
-0.09625165
0.03843380
-0.03824126
-0.19294445
-0.18857720
-0.00244587
-0.01125739
-0.09637707
-0.09097877
0.07437846
0.04078281
0.05689784
0.04054891
-0.06805178
-0.24208902
-0.20772758
0.11433401
0.05642573
-0.13954411
-0.44713679
-0.27504167
0.05624489
0.06302150
-0.21718879
-0.25530112
-0.12685925
-0.11300562
-0.34390938
-0.48548093
-0.08651695
-0.01350491
-0.31449074
-0.29412657
0.06306641
0.06390400
-0.00700992
0.08043207
-0.00273263
-0.10407981
-0.21621206
-0.13069230
0.22162865
0.07800925
-0.14571349
-0.29038307
0.04249208
0.02416285
0.05870002
-0.23954228
-0.02878555
-0.12868419
0.01410661
-0.03148418
-0.48882756
-0.06618962
-0.11950465
-0.11637732
-0.07823028
-0.00653746
0.09137129
0.08888499
0.14321387
-0.04761775
0.01121388
-0.27197152
0.02424560
0.13157079
0.00132515
-0.01509794
-0.02430432
0.09551953
0.04638696
0.03619573
-0.26257801
-0.00456833
0.07216517
0.19014502
0.02947259
-0.15509401
0.08601806
-0.04810506
0.13394476
0.00652241
0.03660876
0.16159461
-0.05104167
0.03355901
0.02038773
0.05887846
0.00443112
0.07388340
0.03658626
0.03338061
0.09404769
0.11118557
-0.09422310
-0.03818719
0.07995444
-0.01470982
-0.04994449
-0.02043804
-0.00157587
-0.03648119
0.00872947
-0.01291872
-0.15284753
-0.08936074
-0.13983332
-0.09838478
-0.09662837
-0.06769007
-0.15766031
-0.01161165
-0.19711936
-0.14172034
-0.10521711
-0.18109526
-0.05493416
-0.10582439
-0.06517442
0.01531875
-0.05000037
0.18390857
0.09290728
-0.00791793
-0.00845339
0.01382566
0.19398314
0.08634557
-0.06970827
0.03801449
0.19506775
0.12537907
0.07830934
-0.00436253
0.00188788
