0.11502963
0.16080563
0.15925354
0.27390856
-0.30684668
-0.02103598
0.04236942
0.29940790
0.33778852
0.05069206
-0.34885246
-0.38387448
-0.05674544
0.04903780
0.17863870
-0.12376704
-0.39294770
-0.13753754
0.08005633
0.18632515
0.01969355
-0.13614753
-0.19591711
-0.19098763
0.18972775
0.02831709
-0.14872783
-0.50900078
-0.35544208
-0.14962471
-0.30149931
-0.40894461
0.01321863
0.07992603
0.27517658
-0.14255729
-0.08527140
0.23817249
0.23453851
0.22417054
0.37582994
0.29592872
0.34044075
0.27728149
-0.13806535
0.14863701
0.25465181
-0.08356513
-0.05450666
0.10246074
-0.06943990
-0.08238675
0.27094832
0.11234000
-0.07862411
-0.22300182
0.07709506
0.05586798
-0.04560077
0.04705628
-0.25408775
0.07089984
0.09703556
-0.02243483
-0.15973791
-0.30595276
-0.19504909
0.04421609
0.19833933
-0.06799005
0.03098918
0.31172416
0.22362064
0.12829377
-0.00793972
-0.05931955
-0.20387048
0.04734663
0.22381742
0.25354311
-0.08366761
-0.10670291
-0.02928740
-0.04243914
0.21937701
-0.14291434
-0.29389194
0.16765648
0.22265185
0.27747464
-0.28859606
-0.18716787
0.13424480
0.03036448
0.01028854
-0.17665397
-0.05570897
0.26734516
0.03824078
0.16173077
0.19094147
0.04450978
-0.02049255
-0.18911111
0.09426890
-0.01271102
0.19765185
-0.18378973
0.04863301
-0.06527869
0.15602475
-0.03226561
0.25482801
0.29023066
-0.08195901
0.14407198
0.20718543
0.16691814
-0.08536719
0.15705860
-0.27227417
-0.14088996
-0.02233686
0.10964439
-0.06260560
0.37738076
0.14944851
0.21171856
-0.10852985
-0.45124778
0.36239856
0.13149939
-0.12412605
-0.22949982
-0.25978762
0.00719467
-0.26095754
-0.32866639
-0.05494989
0.10125937
-0.15131105
-0.20165221
-0.22499077
-0.09397078
-0.09954617
-0.53820580
-0.16989602
-0.11759319
-0.02081471
0.01894526
