-0.00659776
-0.16644099
0.00119179
0.00148634
0.17207821
-0.12447207
0.10109034
0.11741821
-0.04425769
0.03946552
0.00928761
0.05333225
-0.05284287
0.23842986
0.20310031
0.27582875
-0.00053548
-0.16853787
-0.19828321
-0.14894673
-0.02881102
-0.20101215
-0.04847517
0.13106056
0.03111415
-0.11870143
-0.11172434
-0.14577316
0.10935324
0.00576007
0.08500635
-0.01864514
0.17259949
-0.20189966
0.07925965
0.00283531
-0.18972091
-0.04787559
-0.07939544
-0.23554216
0.06809453
0.15032710
-0.16224243
0.08710311
-0.17430489
-0.05396615
-0.09010166
0.00071857
-0.21022917
-0.17517930
-0.10972137
0.15202646
0.11632387
-0.22579591
0.16235583
0.02217842
0.14168994
-0.02682260
-0.26162475
-0.17349964
0.25970715
0.04342182
-0.02738328
-0.02746872
-0.35259482
-0.23052768
-0.11491127
-0.31748265
-0.32052892
-0.19621140
0.06524012
0.02643745
0.05386429
-0.05815291
0.06339564
0.04163427
-0.22317928
-0.03010518
-0.23023102
-0.03590277
-0.13955399
0.11904872
-0.15434860
0.12686647
-0.02059971
0.10471973
-0.22864953
0.02497762
-0.06834802
0.04746185
0.10653786
-0.19271287
-0.03168586
0.06933966
-0.33687460
0.08918951
0.09400378
-0.05863933
0.03751602
0.07562209
0.07501204
0.01829588
-0.08989857
0.05346672
0.15500300
-0.13889050
-0.18532954
-0.24909824
-0.08800321
0.08498613
-0.22231041
0.11119080
-0.25279433
-0.28937760
-0.22963516
-0.12842271
0.01987112
0.03357241
-0.01325255
-0.16406983
-0.19493522
0.01932087
0.04631713
-0.05450154
-0.05649583
0.00803828
0.05442682
-0.04515666
0.12052662
0.14207874
-0.12846735
0.03529124
-0.12769139
-0.13552167
-0.04683727
0.15969150
-0.38236848
0.01633147
0.10313969
-0.03492853
-0.37060550
-0.26289889
-0.04995836
0.08048424
-0.31003132
0.02162506
-0.05566747
-0.16482803
0.08840100
-0.11531277
0.11593566
-0.03463792
-0.07123318
-0.14707401
-0.01955842
-0.20897323
0.01416507
-0.07861881
-0.25959715
-0.12361968
0.05933844
-0.15204404
-0.13726819
0.16801526
-0.08436002
-0.18629995
0.17254801
-0.16115710
0.09319724
0.11511911
-0.20915528
0.07168893
0.07245319
-0.12526003
-0.28263801
-0.09139284
-0.06959587
0.15095349
-0.16970257
0.01560823
-0.06057675
-0.30073842
-0.10015622
-0.14713033
0.06090490
-0.16405663
0.11408945
0.02266972
-0.07151578
0.23522316
-0.25856119
-0.13857774
0.20868778
-0.19431110
-0.23046039
0.14148778
-0.21170802
-0.25434694
-0.12443943
0.10106796
0.06426828
-0.23394002
0.15658827
0.04888858
-0.11434216
-0.20452189
-0.37157461
0.03992519
-0.03255596
0.00036142
0.13299634
-0.05997750
-0.13418445
0.05045047
-0.15086789
0.11060411
0.11634402
-0.26387134
0.04459083
0.00282627
0.02857487
0.01014340
-0.27237105
-0.05808691
0.10243464
-0.12951453
-0.22324888
0.09365945
-0.02412727
-0.06779762
0.10453622
0.08593605
0.14004770
-0.06268310
-0.12565205
-0.11639135
-0.12935624
-0.07399992
-0.03063905
-0.08432819
-0.06963769
0.04702682
0.10564485
0.05392682
-0.07816441
0.12952237
0.11315620
-0.02594372
0.04210529
0.13242050
0.08626147
-0.37820613
0.12546562
0.02851065
0.06599342
-0.10892210
0.04437879
0.03112428
-0.02230933
-0.10845175
0.06876298
-0.10805836
0.15493312
0.07866464
0.08892107
-0.35484856
0.02151413
-0.33502293
-0.05515596
0.09309534
0.04054815
0.06481891
-0.18269460
-0.03901270
-0.06094088
0.07346290
-0.22716002
0.08797044
0.08608947
-0.02563225
-0.19702750
0.20933405
0.00701590
0.15365553
-0.17077714
-0.25406858
-0.09136680
-0.08111203
-0.13914710
-0.28046420
-0.08369227
-0.03360834
0.00964341
-0.35837790
0.00831602
0.05193326
0.11356892
-0.18637875
-0.19542100
-0.06988399
-0.05376243
-0.01092729
0.06461663
-0.12421275
0.13919108
-0.00153846
-0.12598093
0.03304152
-0.20614614
-0.12855092
-0.15401933
0.10259114
0.01449388
0.05037101
0.12734100
0.13303337
0.16967787
-0.34483281
-0.11062845
-0.15731148
-0.02298400
0.13980108
-0.04099477
-0.22266734
0.09611692
-0.07691316
0.03942709
-0.31472486
0.19441004
0.11134665
-0.00054279
-0.03928685
-0.03474058
0.12201533
-0.34274289
-0.08023196
-0.05436733
-0.01528645
0.03261535
-0.02739420
0.14162429
0.09590046
-0.10593444
-0.07014510
-0.05291182
-0.02304540
0.02024869
-0.24198239
0.10288030
-0.15247518
-0.11438706
-0.35626033
-0.13595383
-0.16571812
-0.03897919
-0.03566411
0.24986836
0.16276483
0.04621397
0.04583929
-0.20264797
0.03267108
0.06446187
0.18393278
-0.06654461
-0.26667467
0.10692494
-0.19157463
-0.12613603
0.05977657
-0.13245219
-0.21397994
0.14602414
0.10818461
-0.21824503
0.02695842
-0.07412358
0.12243214
0.06202231
-0.05591403
-0.18898028
-0.08961281
0.13778093
0.11439192
-0.10134551
-0.08813936
0.03905924
-0.18956451
-0.29822740
-0.00186404
0.11556173
-0.03127678
-0.06859111
0.08383215
-0.05493764
0.14290062
-0.12594371
-0.18585415
-0.03614689
0.02829608
0.03806477
-0.20609035
-0.17182991
-0.14371026
0.05642211
0.11226733
-0.17117794
-0.22068562
-0.28072506
-0.00917018
0.04990698
0.14916974
-0.25068480
-0.03813299
-0.20032859
-0.26954934
0.16515791
-0.09166776
-0.12533963
-0.10821778
-0.02226488
-0.06711508
-0.02341936
0.08486846
0.08379607
0.14387879
0.05639936
-0.07919055
-0.01558032
-0.13646127
0.16453369
0.06174484
-0.17049141
-0.14089568
-0.21096817
-0.05916206
0.04722970
0.01041370
-0.00121458
-0.02803447
0.11633979
-0.04705456
0.11253539
-0.05708415
0.01258557
-0.30573222
0.08067835
-0.12369649
0.04326501
0.22721848
0.03657202
-0.15979204
0.02745057
0.07681349
0.07730211
-0.09742831
-0.07132196
-0.10867642
0.13191734
-0.04857217
-0.01424102
-0.08189119
-0.01356300
-0.00105882
-0.18541263
-0.06442735
-0.23100482
-0.04208841
0.01368603
0.15822451
-0.08341055
-0.08113857
0.10885253
-0.02181622
0.03127877
0.03226037
-0.20692700
0.22518989
0.00147502
-0.10125656
-0.02751924
0.01285376
0.04067511
0.11208621
-0.00851361
-0.30057979
0.04051800
0.03077477
-0.32865757
-0.01741667
0.18869913
-0.13287279
0.02594250
-0.32460737
-0.00463291
0.02545805
0.03092058
0.05824680
-0.57333392
0.18596657
-0.17051931
-0.04529077
-0.07862850
0.02804235
0.00546218
0.01916830
-0.07392987
-0.25494286
-0.16464224
-0.36380339
0.07455373
0.04270310
0.07905716
-0.00695246
0.05266834
0.08101459
-0.34513190
-0.20779441
0.11057407
-0.17308860
0.07583768
-0.00387942
0.14186268
-0.08045981
0.13795106
-0.12988606
-0.13129725
0.06554065
-0.01651726
-0.38820487
-0.28791153
-0.22363512
-0.09583401
-0.16271378
0.02845742
-0.27500692
0.07480970
0.05382135
-0.18828186
0.10708454
-0.02667592
0.17202757
0.05691162
-0.22782730
-0.04539645
-0.07144414
-0.21529493
0.01323722
-0.07166258
0.10212047
0.03912216
-0.00021095
0.01953422
-0.07271500
-0.12958603
-0.06615911
0.08323290
-0.25108311
0.04505554
-0.23185983
0.04542865
0.11681383
0.07402668
0.15084085
-0.09377871
0.01553044
0.04000886
-0.22382562
-0.26874965
-0.39346793
-0.12057935
-0.16358566
-0.04037272
0.05069899
0.05298185
0.08415200
-0.05485037
-0.07165220
0.15252741
-0.22116210
-0.06011795
-0.22281608
0.01013489
-0.17473957
0.08227942
-0.10386731
-0.15399918
0.02651068
0.05270370
0.04260800
0.08343731
0.09142856
-0.24196595
0.08821026
0.11946078
0.36193058
-0.27506459
0.08919390
0.04810596
0.02199111
0.07098238
-0.12201504
-0.08948407
-0.16642472
-0.22655024
-0.02618563
-0.14844073
0.02906641
-0.22515860
-0.09055855
-0.14949657
-0.14521356
-0.06460604
-0.05972788
-0.17593947
0.10504718
-0.14210624
-0.21692632
0.08822516
-0.03913716
-0.24144742
0.04096030
0.10872783
-0.03012395
0.04054008
-0.14938493
0.02242159
0.08300143
-0.03363749
-0.10080889
-0.05667552
-0.01420646
0.19263721
-0.22308156
0.10514362
-0.27900419
0.06338423
-0.22961603
-0.00120109
0.07456861
-0.31148946
-0.04424639
-0.07497641
-0.03132099
0.09673172
-0.13619563
-0.09872679
-0.09790981
-0.00942705
-0.29425600
0.04552258
0.07673138
0.03485598
-0.05162186
0.12339262
-0.06816956
0.14006822
0.16595736
-0.17460316
-0.27872446
-0.00360002
0.08244640
-0.18986458
0.06767698
-0.22596282
0.06007212
-0.43648103
-0.14317441
-0.30498108
-0.20310235
0.05026558
-0.00687364
-0.01562892
-0.15824479
-0.23678440
0.07945853
0.14162691
-0.12825219
0.05241369
-0.22455840
-0.16174078
0.06036651
0.00103990
-0.14371665
-0.16919376
-0.16591094
-0.23101880
-0.10492386
0.17346360
0.18827726
0.04513000
0.11101824
-0.07161944
-0.21557434
0.07028780
0.17881323
-0.08231276
0.01929044
0.07992679
-0.33607429
-0.02286510
-0.08730724
-0.05671197
0.01782981
0.05257708
0.05795498
-0.03918149
0.21027693
-0.16367142
0.17644693
-0.10657673
0.13303754
0.00656626
0.20088886
0.02694511
-0.06939324
-0.09299842
-0.12730817
-0.11026082
0.05867441
-0.06446020
0.09508049
0.00907771
-0.12390710
0.02344247
-0.16589682
-0.07787959
-0.01810348
-0.11381911
-0.11772324
0.04984561
-0.22783770
-0.11511588
-0.12313986
-0.08965495
0.02032638
-0.06102502
-0.17843163
0.05788732
-0.07850011
-0.02646830
-0.20783237
-0.17734875
-0.19523062
-0.01345138
0.09756334
-0.18422323
-0.17489991
0.05472081
0.05373466
-0.43539926
-0.24525151
-0.21948846
0.08945318
-0.06580761
-0.21804477
-0.03201374
-0.02685546
-0.05088514
-0.06169771
-0.02154943
0.09742289
0.07998869
-0.25629631
-0.26014072
-0.19680303
-0.13741553
0.01318745
0.10371085
0.17039925
-0.04545979
-0.06868200
-0.25010592
-0.05369547
-0.30138072
-0.25641465
-0.33826491
0.14352612
0.15101400
0.01362678
-0.01888959
0.09773450
0.11864429
0.01185673
-0.08494038
-0.02464905
0.10605279
0.08658473
0.00511911
0.01764573
0.04565044
-0.06744962
0.13680229
-0.00491741
-0.05157464
-0.21030766
-0.04821463
0.00254920
-0.09480491
-0.05623678
-0.13142197
-0.13783255
0.06992021
0.09823894
-0.05117613
0.10613532
-0.07796221
-0.17476657
-0.00484272
0.05759110
0.10564647
0.01129366
0.02827498
-0.00285149
0.11583904
-0.10399295
-0.05514768
0.00798999
-0.25647306
-0.06285517
0.05407299
-0.16346429
0.15428255
-0.10833546
0.11904380
-0.01389610
-0.09329171
0.05078175
-0.03571178
0.14500277
-0.04951411
-0.01963730
-0.24321541
-0.05001973
-0.55805421
-0.15181105
-0.38376600
-0.11629368
0.04197092
-0.14153242
