37
-28
18
42
22
28
-22
-23
4
-28
-32
19
-35
-9
-74
-53
-8
-3
-48
50
3
-5
-26
-11
-48
-31
66
10
-58
-53
-47
7
-2
-10
-14
-48
44
27
-38
-35
28
16
30
-4
-5
51
21
54
-8
35
28
-20
-41
-51
10
-44
-41
-59
-82
32
29
14
18
-57
-20
-74
-41
43
-32
-51
56
5
-46
1
-80
15
0
45
-4
-4
28
-84
-67
-7
42
-37
66
-8
-68
-19
-24
-13
-24
23
-81
-29
37
-24
42
-50
0
6
-63
-11
19
47
-17
-24
-46
-20
-11
-21
-6
6
-27
55
-32
-49
13
-31
-34
20
-46
58
-35
-58
1
13
-38
-10
30
22
-10
10
-55
4
-3
39
28
38
-55
-42
44
18
27
31
18
30
40
18
16
-38
19
29
-50
24
-36
-34
29
-52
-43
-57
12
-32
-7
45
38
34
31
31
-50
-6
-88
-77
27
12
21
19
16
30
-72
-26
-1
45
29
-17
-22
35
-78
-108
50
-95
-42
20
-1
2
17
38
8
-44
5
-88
60
-36
12
-34
-10
-60
-41
45
-13
9
-2
43
54
-45
-17
-75
-40
39
-61
-27
-28
-23
-2
23
-38
15
-45
47
35
50
-62
-22
11
-32
57
60
-47
-16
-54
-3
18
-48
-57
-30
-78
2
31
-58
16
29
11
-27
-66
43
-36
68
25
-35
-27
28
7
39
22
-18
47
52
21
0
20
18
-1
-24
32
-2
-56
-56
31
6
-19
24
-21
-90
-29
-7
-30
44
-27
12
-14
31
-58
-56
-41
-57
-51
36
-49
-44
-21
11
-32
-50
-125
-31
15
-58
38
11
-60
-40
-54
-30
13
-57
-39
-25
48
29
-30
-10
9
16
40
-7
11
4
30
-54
45
45
6
-13
-3
24
-70
18
-11
-58
52
-19
55
21
44
23
31
-39
-29
4
-15
-39
2
-30
18
23
-72
-12
25
2
-7
7
-4
16
56
-61
5
4
-3
36
-1
16
-15
28
29
-30
17
-47
-72
53
-11
-42
20
-78
-14
32
-12
34
16
51
18
-1
-23
1
22
23
39
30
-47
22
39
34
-30
-53
-37
-97
-65
-62
-25
23
-33
24
18
-11
22
-51
-50
8
19
-12
-53
9
12
-17
-29
10
4
7
-74
-61
7
-18
5
8
0
-5
22
50
12
-58
0
-35
34
-57
39
-15
-21
28
-5
-20
-25
1
-29
6
-31
46
-49
28
-33
66
37
-46
12
-23
9
16
-13
10
12
10
22
33
-89
-84
-13
-18
-32
-34
39
6
43
-3
-7
33
-39
15
46
48
-25
-8
16
-47
9
35
43
-40
-22
48
-42
40
30
4
7
-55
-34
-29
25
-71
-11
-24
37
-4
-90
-36
-10
18
8
-25
-29
9
1
33
-41
32
-71
43
20
-48
42
44
47
-8
-36
17
-59
-10
14
-33
27
52
-61
20
-83
-83
42
30
52
-49
-13
-54
17
-17
19
16
28
-40
-64
-12
19
35
21
13
15
41
12
-30
-35
11
37
-100
-7
-25
-53
39
8
13
-71
-62
-76
19
10
28
-38
15
29
-34
32
-52
-29
-21
60
30
9
-44
68
-37
51
25
-3
0
33
7
-7
-8
-17
-55
-3
39
64
-40
-55
19
-56
-127
-73
-4
-54
11
19
-40
45
-13
-26
-41
-2
50
0
10
-5
11
-58
-78
14
11
-59
16
12
-27
28
-40
-13
64
-14
-32
-53
23
-22
-27
21
-15
-28
-39
-52
54
-2
-39
48
10
-71
-62
24
31
42
-27
8
20
-51
-1
12
34
37
41
6
-11
-1
11
-44
-43
-66
41
8
-44
0
-18
-34
-13
45
49
-25
49
39
22
-11
-53
-5
18
18
-53
-47
-26
-24
-15
30
-5
24
48
44
35
60
-41
-57
-57
-27
13
29
-10
23
9
-64
19
-14
-34
-49
49
-114
20
-44
-21
37
24
37
-83
60
-68
45
-42
40
-56
-48
-40
-56
2
11
-21
-8
-45
22
52
40
-17
39
-8
24
-25
-19
-30
8
13
18
25
33
40
-68
15
44
-21
49
-39
10
-20
-33
7
29
-23
15
24
-85
69
-65
23
-7
-39
-45
-17
-30
-83
30
-11
26
-14
35
-33
-8
-33
40
9
18
-68
-54
-10
-18
3
-47
-32
22
31
33
39
17
9
-11
-52
44
2
25
-13
-87
-41
-12
17
42
30
29
10
-78
-74
27
-8
-8
35
33
-11
-70
1
46
29
-44
6
-78
-14
