-0.42421296 -0.42421296 -0.42421296 -0.42421296 -0.42421296 -0.42421296 -0.42421296 -0.42421296 -0.42421296 -0.42421296 -0.42421296 -0.42421296 -0.42421296 -0.42421296 -0.42421296 -0.42421296 -0.42421296 -0.42421296 -0.42421296 -0.42421296 -0.42421296 -0.42421296 -0.42421296 -0.42421296 -0.42421296 -0.42421296 -0.42421296 -0.42421296 -0.42421296 -0.42421296 -0.42421296 -0.42421296
-0.42421296 -0.42421296 -0.42421296 -0.42421296 -0.42421296 -0.42421296 -0.42421296 -0.42421296 -0.42421296 -0.42421296 -0.42421296 -0.42421296 -0.42421296 -0.42421296 -0.42421296 -0.42421296 -0.42421296 -0.42421296 -0.42421296 -0.42421296 -0.42421296 -0.42421296 -0.42421296 -0.42421296 -0.42421296 -0.42421296 -0.42421296 -0.42421296 -0.42421296 -0.42421296 -0.42421296 -0.42421296
-0.42421296 -0.42421296 -0.42421296 -0.42421296 -0.42421296 -0.42421296 -0.42421296 -0.42421296 -0.42421296 -0.42421296 -0.42421296 -0.42421296 -0.42421296 -0.42421296 -0.42421296 -0.42421296 -0.42421296 -0.42421296 -0.42421296 -0.42421296 -0.42421296 -0.42421296 -0.42421296 -0.42421296 -0.42421296 -0.42421296 -0.42421296 -0.42421296 -0.42421296 -0.42421296 -0.42421296 -0.42421296
-0.42421296 -0.42421296 -0.42421296 -0.42421296 -0.42421296 -0.42421296 -0.42421296 -0.42421296 -0.42421296 -0.42421296 -0.42421296 -0.42421296 -0.42421296 -0.42421296 -0.42421296 -0.42421296 -0.42421296 -0.42421296 -0.42421296 -0.42421296 -0.42421296 -0.42421296 -0.42421296 -0.42421296 -0.42421296 -0.42421296 -0.42421296 -0.42421296 -0.42421296 -0.42421296 -0.42421296 -0.42421296
-0.42421296 -0.42421296 -0.42421296 -0.42421296 -0.42421296 -0.42421296 -0.42421296 -0.42421296 -0.42421296 -0.42421296 -0.42421296 -0.42421296 -0.42421296 -0.42421296 -0.42421296 -0.42421296 -0.42421296 -0.42421296 -0.42421296 -0.42421296 -0.42421296 -0.42421296 -0.42421296 -0.42421296 -0.42421296 -0.42421296 -0.42421296 -0.42421296 -0.42421296 -0.42421296 -0.42421296 -0.42421296
-0.42421296 -0.42421296 -0.42421296 -0.42421296 -0.42421296 -0.42421296 -0.42421296 -0.42421296 -0.42421296 -0.42421296 -0.42421296 -0.42421296 -0.00418122 2.32508564 2.27417278 1.63776100 0.40312228 -0.42421296 -0.42421296 -0.42421296 -0.42421296 -0.42421296 -0.42421296 -0.42421296 -0.42421296 -0.42421296 -0.42421296 -0.42421296 -0.42421296 -0.42421296 -0.42421296 -0.42421296
-0.42421296 -0.42421296 -0.42421296 -0.42421296 -0.42421296 -0.42421296 -0.42421296 -0.42421296 -0.42421296 -0.42421296 -0.42421296 -0.42421296 -0.42421296 0.78496927 1.05226207 1.58684814 2.50328088 1.56139159 -0.36057180 -0.42421296 -0.42421296 -0.42421296 -0.42421296 -0.42421296 -0.42421296 -0.42421296 -0.42421296 -0.42421296 -0.42421296 -0.42421296 -0.42421296 -0.42421296
-0.42421296 -0.42421296 -0.42421296 -0.42421296 -0.42421296 -0.42421296 -0.42421296 -0.42421296 -0.42421296 -0.42421296 -0.42421296 -0.42421296 -0.42421296 -0.42421296 -0.42421296 -0.42421296 0.07218818 2.28690100 1.05226207 -0.42421296 -0.42421296 -0.42421296 -0.42421296 -0.42421296 -0.42421296 -0.42421296 -0.42421296 -0.42421296 -0.42421296 -0.42421296 -0.42421296 -0.42421296
-0.42421296 -0.42421296 -0.42421296 -0.42421296 -0.42421296 -0.42421296 -0.42421296 -0.42421296 -0.42421296 -0.42421296 -0.42421296 -0.42421296 -0.42421296 -0.42421296 -0.42421296 -0.42421296 -0.42421296 2.03233624 1.76504338 -0.42421296 -0.42421296 -0.42421296 -0.42421296 -0.42421296 -0.42421296 -0.42421296 -0.42421296 -0.42421296 -0.42421296 -0.42421296 -0.42421296 -0.42421296
-0.42421296 -0.42421296 -0.42421296 -0.42421296 -0.42421296 -0.42421296 -0.42421296 -0.42421296 -0.42421296 -0.42421296 -0.42421296 -0.42421296 -0.42421296 -0.42421296 -0.42421296 -0.42421296 0.04673171 2.47782445 1.29409873 -0.42421296 -0.42421296 -0.42421296 -0.42421296 -0.42421296 -0.42421296 -0.42421296 -0.42421296 -0.42421296 -0.42421296 -0.42421296 -0.42421296 -0.42421296
-0.42421296 -0.42421296 -0.42421296 -0.42421296 -0.42421296 -0.42421296 -0.42421296 -0.42421296 -0.42421296 -0.42421296 -0.42421296 -0.42421296 -0.42421296 -0.42421296 -0.42421296 -0.42421296 1.51047873 2.42691135 0.04673171 -0.42421296 -0.42421296 -0.42421296 -0.42421296 -0.42421296 -0.42421296 -0.42421296 -0.42421296 -0.42421296 -0.42421296 -0.42421296 -0.42421296 -0.42421296
-0.42421296 -0.42421296 -0.42421296 -0.42421296 -0.42421296 -0.42421296 -0.42421296 -0.42421296 -0.42421296 -0.42421296 -0.42421296 -0.42421296 -0.42421296 -0.42421296 -0.42421296 0.39039403 2.43963981 1.16681623 -0.42421296 -0.42421296 -0.42421296 -0.42421296 -0.42421296 -0.42421296 -0.42421296 -0.42421296 -0.42421296 -0.42421296 -0.42421296 -0.42421296 -0.42421296 -0.42421296
-0.42421296 -0.42421296 -0.42421296 -0.42421296 -0.42421296 -0.42421296 -0.42421296 -0.42421296 -0.42421296 -0.42421296 -0.42421296 -0.42421296 -0.42421296 -0.42421296 -0.29693064 2.08324909 1.84141278 -0.33511534 -0.42421296 -0.42421296 -0.42421296 -0.42421296 -0.42421296 -0.42421296 -0.42421296 -0.42421296 -0.42421296 -0.42421296 -0.42421296 -0.42421296 -0.42421296 -0.42421296
-0.42421296 -0.42421296 -0.42421296 -0.42421296 -0.42421296 -0.42421296 -0.42421296 -0.42421296 -0.42421296 -0.42421296 -0.42421296 -0.42421296 -0.42421296 -0.42421296 1.11590326 2.24871612 -0.01690946 -0.42421296 -0.42421296 -0.42421296 -0.42421296 -0.42421296 -0.42421296 -0.42421296 -0.42421296 -0.42421296 -0.42421296 -0.42421296 -0.42421296 -0.42421296 -0.42421296 -0.42421296
-0.42421296 -0.42421296 -0.42421296 -0.42421296 -0.42421296 -0.42421296 -0.42421296 -0.42421296 -0.42421296 -0.42421296 -0.42421296 -0.42421296 -0.42421296 0.28856814 2.42691135 0.37766576 -0.42421296 -0.42421296 -0.42421296 -0.42421296 -0.42421296 -0.42421296 -0.42421296 -0.42421296 -0.42421296 -0.42421296 -0.42421296 -0.42421296 -0.42421296 -0.42421296 -0.42421296 -0.42421296
-0.42421296 -0.42421296 -0.42421296 -0.42421296 -0.42421296 -0.42421296 -0.42421296 -0.42421296 -0.42421296 -0.42421296 -0.42421296 -0.42421296 -0.29693064 2.05779266 1.23045754 -0.42421296 -0.42421296 -0.42421296 -0.42421296 -0.42421296 -0.42421296 -0.42421296 -0.42421296 -0.42421296 -0.42421296 -0.42421296 -0.42421296 -0.42421296 -0.42421296 -0.42421296 -0.42421296 -0.42421296
-0.42421296 -0.42421296 -0.42421296 -0.42421296 -0.42421296 -0.42421296 -0.42421296 -0.42421296 -0.42421296 -0.42421296 -0.42421296 -0.42421296 1.26864231 1.80322802 -0.36057180 -0.42421296 -0.42421296 -0.42421296 -0.42421296 -0.42421296 -0.42421296 -0.42421296 -0.42421296 -0.42421296 -0.42421296 -0.42421296 -0.42421296 -0.42421296 -0.42421296 -0.42421296 -0.42421296 -0.42421296
-0.42421296 -0.42421296 -0.42421296 -0.42421296 -0.42421296 -0.42421296 -0.42421296 -0.42421296 -0.42421296 -0.42421296 -0.42421296 0.45403522 2.23598790 -0.06782241 -0.42421296 -0.42421296 -0.42421296 -0.42421296 -0.42421296 -0.42421296 -0.42421296 -0.42421296 -0.42421296 -0.42421296 -0.42421296 -0.42421296 -0.42421296 -0.42421296 -0.42421296 -0.42421296 -0.42421296 -0.42421296
-0.42421296 -0.42421296 -0.42421296 -0.42421296 -0.42421296 -0.42421296 -0.42421296 -0.42421296 -0.42421296 -0.42421296 0.13582934 2.33781385 0.44130698 -0.42421296 -0.42421296 -0.42421296 -0.42421296 -0.42421296 -0.42421296 -0.42421296 -0.42421296 -0.42421296 -0.42421296 -0.42421296 -0.42421296 -0.42421296 -0.42421296 -0.42421296 -0.42421296 -0.42421296 -0.42421296 -0.42421296
-0.42421296 -0.42421296 -0.42421296 -0.42421296 -0.42421296 -0.42421296 -0.42421296 -0.42421296 -0.42421296 0.09764464 2.22325969 1.03953385 -0.42421296 -0.42421296 -0.42421296 -0.42421296 -0.42421296 -0.42421296 -0.42421296 -0.42421296 -0.42421296 -0.42421296 -0.42421296 -0.42421296 -0.42421296 -0.42421296 -0.42421296 -0.42421296 -0.42421296 -0.42421296 -0.42421296 -0.42421296
-0.42421296 -0.42421296 -0.42421296 -0.42421296 -0.42421296 -0.42421296 -0.42421296 -0.42421296 0.82315391 2.33781385 2.36327028 1.33228338 1.40865278 1.42138112 1.39592457 1.35773993 1.31955516 1.17954445 1.10317504 1.10317504 1.07771862 1.07771862 1.07771862 1.05226207 0.96316451 0.79769748 0.60677403 0.05945994 -0.42421296 -0.42421296 -0.42421296 -0.42421296
-0.42421296 -0.42421296 -0.42421296 -0.42421296 -0.42421296 -0.42421296 -0.42421296 -0.42421296 1.45956576 2.43963981 2.13416219 1.75231516 1.53593516 1.45956576 1.48502219 1.48502219 1.48502219 1.53593516 1.49775052 1.48502219 1.48502219 1.45956576 1.37046814 1.23045754 1.09044683 1.06499040 0.83588213 0.63223046 -0.42421296 -0.42421296 -0.42421296 -0.42421296
-0.42421296 -0.42421296 -0.42421296 -0.42421296 -0.42421296 -0.42421296 -0.42421296 -0.42421296 -0.42421296 -0.42421296 -0.42421296 -0.42421296 -0.42421296 -0.42421296 -0.42421296 -0.42421296 -0.42421296 -0.42421296 -0.42421296 -0.42421296 -0.42421296 -0.42421296 -0.42421296 -0.42421296 -0.42421296 -0.42421296 -0.42421296 -0.42421296 -0.42421296 -0.42421296 -0.42421296 -0.42421296
-0.42421296 -0.42421296 -0.42421296 -0.42421296 -0.42421296 -0.42421296 -0.42421296 -0.42421296 -0.42421296 -0.42421296 -0.42421296 -0.42421296 -0.42421296 -0.42421296 -0.42421296 -0.42421296 -0.42421296 -0.42421296 -0.42421296 -0.42421296 -0.42421296 -0.42421296 -0.42421296 -0.42421296 -0.42421296 -0.42421296 -0.42421296 -0.42421296 -0.42421296 -0.42421296 -0.42421296 -0.42421296
-0.42421296 -0.42421296 -0.42421296 -0.42421296 -0.42421296 -0.42421296 -0.42421296 -0.42421296 -0.42421296 -0.42421296 -0.42421296 -0.42421296 -0.42421296 -0.42421296 -0.42421296 -0.42421296 -0.42421296 -0.42421296 -0.42421296 -0.42421296 -0.42421296 -0.42421296 -0.42421296 -0.42421296 -0.42421296 -0.42421296 -0.42421296 -0.42421296 -0.42421296 -0.42421296 -0.42421296 -0.42421296
-0.42421296 -0.42421296 -0.42421296 -0.42421296 -0.42421296 -0.42421296 -0.42421296 -0.42421296 -0.42421296 -0.42421296 -0.42421296 -0.42421296 -0.42421296 -0.42421296 -0.42421296 -0.42421296 -0.42421296 -0.42421296 -0.42421296 -0.42421296 -0.42421296 -0.42421296 -0.42421296 -0.42421296 -0.42421296 -0.42421296 -0.42421296 -0.42421296 -0.42421296 -0.42421296 -0.42421296 -0.42421296
-0.42421296 -0.42421296 -0.42421296 -0.42421296 -0.42421296 -0.42421296 -0.42421296 -0.42421296 -0.42421296 -0.42421296 -0.42421296 -0.42421296 -0.42421296 -0.42421296 -0.42421296 -0.42421296 -0.42421296 -0.42421296 -0.42421296 -0.42421296 -0.42421296 -0.42421296 -0.42421296 -0.42421296 -0.42421296 -0.42421296 -0.42421296 -0.42421296 -0.42421296 -0.42421296 -0.42421296 -0.42421296
-0.42421296 -0.42421296 -0.42421296 -0.42421296 -0.42421296 -0.42421296 -0.42421296 -0.42421296 -0.42421296 -0.42421296 -0.42421296 -0.42421296 -0.42421296 -0.42421296 -0.42421296 -0.42421296 -0.42421296 -0.42421296 -0.42421296 -0.42421296 -0.42421296 -0.42421296 -0.42421296 -0.42421296 -0.42421296 -0.42421296 -0.42421296 -0.42421296 -0.42421296 -0.42421296 -0.42421296 -0.42421296
-0.42421296 -0.42421296 -0.42421296 -0.42421296 -0.42421296 -0.42421296 -0.42421296 -0.42421296 -0.42421296 -0.42421296 -0.42421296 -0.42421296 -0.42421296 -0.42421296 -0.42421296 -0.42421296 -0.42421296 -0.42421296 -0.42421296 -0.42421296 -0.42421296 -0.42421296 -0.42421296 -0.42421296 -0.42421296 -0.42421296 -0.42421296 -0.42421296 -0.42421296 -0.42421296 -0.42421296 -0.42421296
-0.42421296 -0.42421296 -0.42421296 -0.42421296 -0.42421296 -0.42421296 -0.42421296 -0.42421296 -0.42421296 -0.42421296 -0.42421296 -0.42421296 -0.42421296 -0.42421296 -0.42421296 -0.42421296 -0.42421296 -0.42421296 -0.42421296 -0.42421296 -0.42421296 -0.42421296 -0.42421296 -0.42421296 -0.42421296 -0.42421296 -0.42421296 -0.42421296 -0.42421296 -0.42421296 -0.42421296 -0.42421296
-0.42421296 -0.42421296 -0.42421296 -0.42421296 -0.42421296 -0.42421296 -0.42421296 -0.42421296 -0.42421296 -0.42421296 -0.42421296 -0.42421296 -0.42421296 -0.42421296 -0.42421296 -0.42421296 -0.42421296 -0.42421296 -0.42421296 -0.42421296 -0.42421296 -0.42421296 -0.42421296 -0.42421296 -0.42421296 -0.42421296 -0.42421296 -0.42421296 -0.42421296 -0.42421296 -0.42421296 -0.42421296
-0.42421296 -0.42421296 -0.42421296 -0.42421296 -0.42421296 -0.42421296 -0.42421296 -0.42421296 -0.42421296 -0.42421296 -0.42421296 -0.42421296 -0.42421296 -0.42421296 -0.42421296 -0.42421296 -0.42421296 -0.42421296 -0.42421296 -0.42421296 -0.42421296 -0.42421296 -0.42421296 -0.42421296 -0.42421296 -0.42421296 -0.42421296 -0.42421296 -0.42421296 -0.42421296 -0.42421296 -0.42421296
