-0.42421296 -0.42421296 -0.42421296 -0.42421296 -0.42421296 -0.42421296 -0.42421296 -0.42421296 -0.42421296 -0.42421296 -0.42421296 -0.42421296 -0.42421296 -0.42421296 -0.42421296 -0.42421296 -0.42421296 -0.42421296 -0.42421296 -0.42421296 -0.42421296 -0.42421296 -0.42421296 -0.42421296 -0.42421296 -0.42421296 -0.42421296 -0.42421296 -0.42421296 -0.42421296 -0.42421296 -0.42421296
-0.42421296 -0.42421296 -0.42421296 -0.42421296 -0.42421296 -0.42421296 -0.42421296 -0.42421296 -0.42421296 -0.42421296 -0.42421296 -0.42421296 -0.42421296 -0.42421296 -0.42421296 -0.42421296 -0.42421296 -0.42421296 -0.42421296 -0.42421296 -0.42421296 -0.42421296 -0.42421296 -0.42421296 -0.42421296 -0.42421296 -0.42421296 -0.42421296 -0.42421296 -0.42421296 -0.42421296 -0.42421296
-0.42421296 -0.42421296 -0.42421296 -0.42421296 -0.42421296 -0.42421296 -0.42421296 -0.42421296 -0.42421296 -0.42421296 -0.42421296 -0.42421296 -0.42421296 -0.42421296 -0.42421296 -0.42421296 -0.42421296 -0.42421296 -0.42421296 -0.42421296 -0.42421296 -0.42421296 -0.42421296 -0.42421296 -0.42421296 -0.42421296 -0.42421296 -0.42421296 -0.42421296 -0.42421296 -0.42421296 -0.42421296
-0.42421296 -0.42421296 -0.42421296 -0.42421296 -0.42421296 -0.42421296 -0.42421296 -0.42421296 -0.42421296 -0.42421296 -0.42421296 -0.42421296 -0.42421296 -0.42421296 -0.42421296 -0.42421296 -0.42421296 -0.42421296 -0.42421296 -0.42421296 -0.42421296 -0.42421296 -0.42421296 -0.42421296 -0.42421296 -0.42421296 -0.42421296 -0.42421296 -0.42421296 -0.42421296 -0.42421296 -0.42421296
-0.42421296 -0.42421296 -0.42421296 -0.42421296 -0.42421296 -0.42421296 -0.42421296 -0.42421296 -0.42421296 -0.42421296 -0.42421296 -0.42421296 -0.42421296 -0.42421296 -0.42421296 -0.42421296 -0.42421296 -0.42421296 -0.42421296 -0.42421296 -0.42421296 -0.42421296 -0.42421296 -0.42421296 -0.42421296 -0.42421296 -0.42421296 -0.42421296 -0.42421296 -0.42421296 -0.42421296 -0.42421296
-0.42421296 -0.42421296 -0.42421296 -0.42421296 -0.42421296 -0.42421296 -0.42421296 -0.42421296 -0.42421296 -0.42421296 -0.42421296 -0.42421296 -0.42421296 -0.42421296 -0.42421296 -0.42421296 -0.42421296 -0.42421296 -0.42421296 -0.42421296 -0.42421296 -0.42421296 -0.42421296 -0.42421296 -0.42421296 -0.42421296 -0.42421296 -0.42421296 -0.42421296 -0.42421296 -0.42421296 -0.42421296
-0.42421296 -0.42421296 -0.42421296 -0.42421296 -0.42421296 -0.42421296 -0.42421296 -0.42421296 -0.42421296 -0.42421296 -0.42421296 -0.42421296 -0.42421296 -0.42421296 -0.28420240 0.32675284 1.06499040 1.65048921 1.89232564 1.26864231 -0.27147415 -0.42421296 -0.42421296 -0.42421296 -0.42421296 -0.42421296 -0.42421296 -0.42421296 -0.42421296 -0.42421296 -0.42421296 -0.42421296
-0.42421296 -0.42421296 -0.42421296 -0.42421296 -0.42421296 -0.42421296 -0.42421296 -0.42421296 -0.42421296 -0.42421296 -0.36057180 0.03400347 0.74678457 1.58684814 2.18507504 2.31235743 2.29962921 2.32508564 2.33781385 2.28690100 1.52320695 -0.42421296 -0.42421296 -0.42421296 -0.42421296 -0.42421296 -0.42421296 -0.42421296 -0.42421296 -0.42421296 -0.42421296 -0.42421296
-0.42421296 -0.42421296 -0.42421296 -0.42421296 -0.42421296 -0.42421296 -0.42421296 -0.42421296 -0.42421296 1.17954445 2.17234683 2.28690100 2.28690100 2.27417278 2.32508564 2.37599850 2.00687981 1.24318576 1.24318576 2.36327028 2.23598790 -0.42421296 -0.42421296 -0.42421296 -0.42421296 -0.42421296 -0.42421296 -0.42421296 -0.42421296 -0.42421296 -0.42421296 -0.42421296
-0.42421296 -0.42421296 -0.42421296 -0.42421296 -0.42421296 -0.42421296 -0.42421296 -0.42421296 -0.42421296 1.10317504 2.35054207 2.32508564 2.32508564 1.94323862 1.10317504 0.28856814 -0.41148472 -0.42421296 0.63223046 2.32508564 2.15961862 -0.42421296 -0.42421296 -0.42421296 -0.42421296 -0.42421296 -0.42421296 -0.42421296 -0.42421296 -0.42421296 -0.42421296 -0.42421296
-0.42421296 -0.42421296 -0.42421296 -0.42421296 -0.42421296 -0.42421296 -0.42421296 -0.42421296 -0.42421296 -0.37330002 0.95043623 0.73405635 0.09764464 -0.39875650 -0.42421296 -0.42421296 -0.42421296 -0.42421296 1.23045754 2.29962921 1.75231516 -0.42421296 -0.42421296 -0.42421296 -0.42421296 -0.42421296 -0.42421296 -0.42421296 -0.42421296 -0.42421296 -0.42421296 -0.42421296
-0.42421296 -0.42421296 -0.42421296 -0.42421296 -0.42421296 -0.42421296 -0.42421296 -0.42421296 -0.42421296 -0.42421296 -0.42421296 -0.42421296 -0.42421296 -0.42421296 -0.42421296 -0.42421296 -0.42421296 -0.42421296 1.80322802 2.28690100 1.17954445 -0.42421296 -0.42421296 -0.42421296 -0.42421296 -0.42421296 -0.42421296 -0.42421296 -0.42421296 -0.42421296 -0.42421296 -0.42421296
-0.42421296 -0.42421296 -0.42421296 -0.42421296 -0.42421296 -0.42421296 -0.42421296 -0.42421296 -0.42421296 -0.42421296 -0.42421296 -0.42421296 -0.42421296 -0.42421296 -0.42421296 -0.42421296 -0.42421296 -0.19510475 2.21053147 2.29962921 0.53040463 -0.42421296 -0.42421296 -0.42421296 -0.42421296 -0.42421296 -0.42421296 -0.42421296 -0.42421296 -0.42421296 -0.42421296 -0.42421296
-0.42421296 -0.42421296 -0.42421296 -0.42421296 -0.42421296 -0.42421296 -0.42421296 -0.42421296 -0.42421296 -0.42421296 -0.42421296 -0.42421296 -0.42421296 -0.42421296 -0.42421296 -0.42421296 -0.42421296 0.68314338 2.28690100 2.22325969 -0.18237650 -0.42421296 -0.42421296 -0.42421296 -0.42421296 -0.42421296 -0.42421296 -0.42421296 -0.42421296 -0.42421296 -0.42421296 -0.42421296
-0.42421296 -0.42421296 -0.42421296 -0.42421296 -0.42421296 -0.42421296 -0.42421296 -0.42421296 -0.42421296 -0.42421296 -0.42421296 -0.42421296 -0.42421296 -0.42421296 -0.42421296 -0.42421296 -0.39875650 1.76504338 2.28690100 1.49775052 -0.42421296 -0.42421296 -0.42421296 -0.42421296 -0.42421296 -0.42421296 -0.42421296 -0.42421296 -0.42421296 -0.42421296 -0.42421296 -0.42421296
-0.42421296 -0.42421296 -0.42421296 -0.42421296 -0.42421296 -0.42421296 -0.42421296 -0.42421296 -0.42421296 -0.42421296 -0.42421296 -0.42421296 -0.42421296 -0.42421296 -0.42421296 -0.42421296 0.42857873 2.24871612 2.26144433 0.23765521 -0.42421296 -0.42421296 -0.42421296 -0.42421296 -0.42421296 -0.42421296 -0.42421296 -0.42421296 -0.42421296 -0.42421296 -0.42421296 -0.42421296
-0.42421296 -0.42421296 -0.42421296 -0.42421296 -0.42421296 -0.42421296 -0.42421296 -0.42421296 -0.42421296 -0.42421296 -0.42421296 -0.42421296 -0.42421296 -0.42421296 -0.42421296 -0.33511534 1.80322802 2.26144433 1.61230457 -0.39875650 -0.42421296 -0.42421296 -0.42421296 -0.42421296 -0.42421296 -0.42421296 -0.42421296 -0.42421296 -0.42421296 -0.42421296 -0.42421296 -0.42421296
-0.42421296 -0.42421296 -0.42421296 -0.42421296 -0.42421296 -0.42421296 -0.42421296 -0.42421296 -0.42421296 -0.42421296 -0.42421296 -0.42421296 -0.42421296 -0.42421296 -0.42421296 1.14135969 2.26144433 2.22325969 0.11037287 -0.42421296 -0.42421296 -0.42421296 -0.42421296 -0.42421296 -0.42421296 -0.42421296 -0.42421296 -0.42421296 -0.42421296 -0.42421296 -0.42421296 -0.42421296
-0.42421296 -0.42421296 -0.42421296 -0.42421296 -0.42421296 -0.42421296 -0.42421296 -0.42421296 -0.42421296 -0.42421296 -0.42421296 -0.42421296 -0.42421296 -0.42421296 0.21219873 2.23598790 2.27417278 1.11590326 -0.42421296 -0.42421296 -0.42421296 -0.42421296 -0.42421296 -0.42421296 -0.42421296 -0.42421296 -0.42421296 -0.42421296 -0.42421296 -0.42421296 -0.42421296 -0.42421296
-0.42421296 -0.42421296 -0.42421296 -0.42421296 -0.42421296 -0.42421296 -0.42421296 -0.42421296 -0.42421296 -0.42421296 -0.42421296 -0.42421296 -0.42421296 -0.14419182 1.95596683 2.23598790 1.81595623 -0.32238710 -0.42421296 -0.42421296 -0.42421296 -0.42421296 -0.42421296 -0.42421296 -0.42421296 -0.42421296 -0.42421296 -0.42421296 -0.42421296 -0.42421296 -0.42421296 -0.42421296
-0.42421296 -0.42421296 -0.42421296 -0.42421296 -0.42421296 -0.42421296 -0.42421296 -0.42421296 -0.42421296 -0.42421296 -0.42421296 -0.42421296 -0.29693064 1.76504338 2.26144433 2.10870576 -0.01690946 -0.42421296 -0.42421296 -0.42421296 -0.42421296 -0.42421296 -0.42421296 -0.42421296 -0.42421296 -0.42421296 -0.42421296 -0.42421296 -0.42421296 -0.42421296 -0.42421296 -0.42421296
-0.42421296 -0.42421296 -0.42421296 -0.42421296 -0.42421296 -0.42421296 -0.42421296 -0.42421296 -0.42421296 -0.42421296 -0.42421296 -0.23328947 1.73958683 2.29962921 2.23598790 0.28856814 -0.42421296 -0.42421296 -0.42421296 -0.42421296 -0.42421296 -0.42421296 -0.42421296 -0.42421296 -0.42421296 -0.42421296 -0.42421296 -0.42421296 -0.42421296 -0.42421296 -0.42421296 -0.42421296
-0.42421296 -0.42421296 -0.42421296 -0.42421296 -0.42421296 -0.42421296 -0.42421296 -0.42421296 -0.42421296 -0.42421296 0.08491641 1.81595623 2.27417278 2.26144433 0.88679510 0.36493754 0.82315391 0.87406683 -0.01690946 -0.42421296 -0.42421296 -0.42421296 -0.42421296 -0.42421296 -0.42421296 -0.42421296 -0.42421296 -0.42421296 -0.42421296 -0.42421296 -0.42421296 -0.42421296
-0.42421296 -0.42421296 -0.42421296 -0.42421296 -0.42421296 -0.42421296 -0.42421296 -0.42421296 -0.42421296 1.02680564 2.21053147 2.26144433 2.24871612 2.23598790 2.24871612 2.26144433 2.32508564 2.33781385 2.22325969 0.17401403 -0.42421296 -0.42421296 -0.42421296 -0.42421296 -0.42421296 -0.42421296 -0.42421296 -0.42421296 -0.42421296 -0.42421296 -0.42421296 -0.42421296
-0.42421296 -0.42421296 -0.42421296 -0.42421296 -0.42421296 -0.42421296 -0.42421296 -0.42421296 -0.42421296 2.15961862 2.33781385 2.29962921 2.28690100 2.32508564 2.27417278 2.14689040 1.54866338 0.95043623 0.92497981 -0.15692005 -0.42421296 -0.42421296 -0.42421296 -0.42421296 -0.42421296 -0.42421296 -0.42421296 -0.42421296 -0.42421296 -0.42421296 -0.42421296 -0.42421296
-0.42421296 -0.42421296 -0.42421296 -0.42421296 -0.42421296 -0.42421296 -0.42421296 -0.42421296 -0.42421296 0.49221992 1.98142326 1.42138112 0.78496927 0.33948106 -0.16964827 -0.42421296 -0.42421296 -0.42421296 -0.42421296 -0.42421296 -0.42421296 -0.42421296 -0.42421296 -0.42421296 -0.42421296 -0.42421296 -0.42421296 -0.42421296 -0.42421296 -0.42421296 -0.42421296 -0.42421296
-0.42421296 -0.42421296 -0.42421296 -0.42421296 -0.42421296 -0.42421296 -0.42421296 -0.42421296 -0.42421296 -0.42421296 -0.42421296 -0.42421296 -0.42421296 -0.42421296 -0.42421296 -0.42421296 -0.42421296 -0.42421296 -0.42421296 -0.42421296 -0.42421296 -0.42421296 -0.42421296 -0.42421296 -0.42421296 -0.42421296 -0.42421296 -0.42421296 -0.42421296 -0.42421296 -0.42421296 -0.42421296
-0.42421296 -0.42421296 -0.42421296 -0.42421296 -0.42421296 -0.42421296 -0.42421296 -0.42421296 -0.42421296 -0.42421296 -0.42421296 -0.42421296 -0.42421296 -0.42421296 -0.42421296 -0.42421296 -0.42421296 -0.42421296 -0.42421296 -0.42421296 -0.42421296 -0.42421296 -0.42421296 -0.42421296 -0.42421296 -0.42421296 -0.42421296 -0.42421296 -0.42421296 -0.42421296 -0.42421296 -0.42421296
-0.42421296 -0.42421296 -0.42421296 -0.42421296 -0.42421296 -0.42421296 -0.42421296 -0.42421296 -0.42421296 -0.42421296 -0.42421296 -0.42421296 -0.42421296 -0.42421296 -0.42421296 -0.42421296 -0.42421296 -0.42421296 -0.42421296 -0.42421296 -0.42421296 -0.42421296 -0.42421296 -0.42421296 -0.42421296 -0.42421296 -0.42421296 -0.42421296 -0.42421296 -0.42421296 -0.42421296 -0.42421296
-0.42421296 -0.42421296 -0.42421296 -0.42421296 -0.42421296 -0.42421296 -0.42421296 -0.42421296 -0.42421296 -0.42421296 -0.42421296 -0.42421296 -0.42421296 -0.42421296 -0.42421296 -0.42421296 -0.42421296 -0.42421296 -0.42421296 -0.42421296 -0.42421296 -0.42421296 -0.42421296 -0.42421296 -0.42421296 -0.42421296 -0.42421296 -0.42421296 -0.42421296 -0.42421296 -0.42421296 -0.42421296
-0.42421296 -0.42421296 -0.42421296 -0.42421296 -0.42421296 -0.42421296 -0.42421296 -0.42421296 -0.42421296 -0.42421296 -0.42421296 -0.42421296 -0.42421296 -0.42421296 -0.42421296 -0.42421296 -0.42421296 -0.42421296 -0.42421296 -0.42421296 -0.42421296 -0.42421296 -0.42421296 -0.42421296 -0.42421296 -0.42421296 -0.42421296 -0.42421296 -0.42421296 -0.42421296 -0.42421296 -0.42421296
-0.42421296 -0.42421296 -0.42421296 -0.42421296 -0.42421296 -0.42421296 -0.42421296 -0.42421296 -0.42421296 -0.42421296 -0.42421296 -0.42421296 -0.42421296 -0.42421296 -0.42421296 -0.42421296 -0.42421296 -0.42421296 -0.42421296 -0.42421296 -0.42421296 -0.42421296 -0.42421296 -0.42421296 -0.42421296 -0.42421296 -0.42421296 -0.42421296 -0.42421296 -0.42421296 -0.42421296 -0.42421296
