-2
-7
62
39
51
-11
50
21
-23
-59
-28
3
-18
55
-44
-12
-40
46
18
14
-24
29
-28
59
52
52
89
56
56
-45
42
82
-14
-100
-78
62
-15
-69
-79
-38
18
24
-72
-71
45
6
10
-69
11
79
46
-65
-79
-127
-107
59
12
-45
-19
-57
42
112
98
51
15
5
-1
19
75
38
34
-22
22
22
9
45
69
-37
17
1
52
-21
-26
-73
-63
5
-31
-91
-21
3
86
9
-111
-70
-107
42
69
36
-46
-78
-34
-7
45
39
-13
38
9
71
-5
-41
7
67
17
-45
-48
49
27
12
-16
13
32
83
9
-15
-57
46
14
-20
11
54
57
67
107
1
-21
23
22
31
98
46
-74
-77
26
-41
54
-99
-112
-114
-100
-2
