-7
4
21
-17
-24
12
22
21
-3
-36
-7
28
36
-13
-9
-9
25
20
5
-3
17
16
-18
-33
-38
-11
8
18
24
14
-2
-39
4
13
-4
-66
-48
-17
-14
3
-84
-37
-31
-6
0
-58
-48
-21
-8
1
-3
-2
-6
14
15
-67
-42
-4
24
0
-62
-32
24
15
-13
5
-5
16
32
13
-20
-33
3
-13
-3
19
11
48
6
-1
-3
25
47
-8
-17
-4
-11
25
-8
-37
-7
-15
-45
-36
-17
-32
-38
-15
-12
9
-11
13
39
18
9
-16
-13
5
11
-13
-21
-10
31
17
-14
-29
-4
9
7
1
-46
-9
10
-28
-7
3
-17
-28
-43
-32
0
-18
-74
-66
-23
-15
-4
-40
-28
-23
-1
-1
-3
14
-15
-6
26
29
34
28
-11
5
-14
16
11
4
11
33
34
-17
24
-3
5
-25
-8
-18
-13
2
-3
-13
-43
0
-5
-5
-31
-41
-21
-44
-30
-20
10
37
-18
-21
-13
26
25
-17
16
11
2
-28
33
41
13
-6
55
52
-19
-31
56
62
30
26
24
-4
-6
1
4
22
-5
20
-36
-31
-26
20
-23
-81
-28
-28
-25
-52
-35
-33
-1
-83
-36
-7
-9
0
-44
-45
-14
-12
-6
-71
-80
-22
11
28
-95
-26
38
39
8
-9
6
30
24
13
-21
-15
-28
-10
-22
13
-20
-13
-6
11
-12
-61
-3
16
17
-52
-2
45
3
8
2
-2
-13
-31
-5
13
44
45
34
-10
19
28
1
-46
-28
4
-23
-40
-25
-37
-29
6
15
-7
-21
19
34
19
28
-29
-19
-33
-30
-16
-15
-25
6
-14
-3
-26
5
1
25
16
-19
9
26
17
12
3
13
3
-9
-6
-10
19
46
17
28
14
30
9
37
27
15
-14
-9
7
11
0
-1
-35
-19
-55
-26
-22
-36
-12
-40
-25
-3
-16
1
-7
-13
-15
-17
-34
-24
-7
32
0
-1
11
-23
25
52
57
51
46
26
-18
-2
15
25
-24
-25
-1
-42
-37
-30
1
12
16
-3
-29
-2
16
-10
-2
-15
-44
-50
-72
-22
23
-17
-26
-28
-30
-14
-3
-17
-5
14
-17
0
8
17
-13
9
27
23
25
-9
40
-1
-3
-26
-9
19
25
-25
-45
-50
9
-19
-80
-46
-24
-24
-60
-49
-55
10
-9
-18
21
-20
-17
10
17
37
58
25
22
-8
27
68
59
14
23
5
-16
26
30
11
-11
10
27
22
3
19
19
-21
36
18
-15
-38
-44
25
-1
-7
-2
-46
28
4
1
-25
0
-14
0
-35
20
20
-19
-13
27
-5
13
17
34
10
-8
-24
-7
-36
-4
-14
-28
-23
9
-1
5
-12
35
35
3
-23
-31
26
-9
-20
8
19
-20
-17
26
1
19
14
33
36
-12
-18
-20
0
-16
-37
-18
-46
-79
-44
1
48
-37
-37
19
28
19
27
8
22
-2
-16
11
-4
-21
11
1
11
-32
5
10
47
-28
-16
11
13
24
37
46
-2
-20
6
28
13
-33
-9
-52
-7
-35
-27
-17
-21
-17
-51
-63
-48
-6
-26
-47
-18
27
-1
-7
32
17
23
30
37
10
20
38
10
-20
-1
-33
-23
-57
-9
-34
-4
-1
-30
4
-1
2
9
-14
15
14
19
-1
-6
-24
14
-6
-12
-4
-40
-36
-20
6
2
-6
16
-24
-14
-10
-20
29
-19
8
2
10
18
-12
6
-7
-34
-34
-37
18
-5
-36
-30
-24
22
17
26
5
24
23
-6
0
-6
12
12
3
-42
0
-24
17
43
-35
2
32
30
28
-19
-13
13
10
-45
21
-2
-36
-2
-9
-16
2
-8
-41
-15
17
-15
-12
-63
-63
-20
-41
-15
-51
-31
-2
-40
-49
26
34
-1
-26
-40
-13
-9
0
6
-3
20
-29
-5
1
4
7
-28
5
-12
-10
7
4
-9
-21
-25
-23
3
-21
-27
1
-11
65
5
-46
-11
-33
-25
-1
11
22
24
9
-7
25
-6
-11
38
0
9
34
14
-23
-13
-3
25
30
-10
3
22
28
37
25
-1
5
15
15
28
22
2
11
-6
-6
-8
18
3
-20
4
8
20
-36
13
-24
19
-6
-71
-44
-16
-13
-27
-38
-47
-31
19
23
-3
-32
-29
11
40
4
3
3
11
-4
4
26
12
9
19
-22
35
39
27
7
-39
-32
18
-38
-29
-5
-16
27
-14
12
18
-21
-21
-24
-9
-28
5
-18
2
-16
-22
-62
-2
-8
-27
-58
-60
-11
-31
-31
-47
-19
-16
-51
-23
-13
3
17
-18
-14
-10
14
5
16
-35
-11
2
9
-9
-36
-13
-5
15
-30
-28
11
-1
-13
6
27
24
5
3
29
50
28
-15
-16
-8
21
27
22
-19
33
13
29
12
15
33
24
-10
3
0
-38
-52
-35
-30
21
-23
1
-12
1
-17
-4
16
10
6
-4
30
27
-12
-8
-28
-22
9
-25
14
15
-38
-18
18
-29
-36
56
17
30
6
20
0
48
68
34
5
-21
20
8
-35
-3
-48
-29
7
50
42
-20
-29
29
17
-18
7
6
35
32
-2
-11
-53
-45
2
42
-25
27
37
-10
-14
14
34
48
-11
-41
-3
-10
-26
-65
-35
-1
-31
-3
-12
8
0
0
-15
-51
14
-10
-35
-64
-34
3
-42
-47
-17
14
9
-7
6
13
9
-20
-9
16
-4
7
-23
10
43
16
-41
-4
-17
4
0
-13
-8
-44
-46
-16
0
-7
-55
-30
-45
-24
-6
-45
-46
13
3
-19
-18
-52
-44
-18
-40
0
18
-12
-2
13
45
57
69
41
15
6
57
18
4
-47
-16
2
-8
-21
-30
-22
-2
6
4
11
-23
8
10
5
-12
19
7
38
27
-26
45
35
15
8
-15
8
20
16
5
20
-23
-1
10
-31
21
-10
-24
-9
24
-5
-38
38
48
19
-10
5
22
6
-2
13
-28
-4
-14
13
5
-11
-5
10
23
31
14
-12
24
12
28
-19
-30
3
20
24
-100
-8
-6
-18
-7
18
5
-21
-69
-23
-18
-73
-75
-55
-26
-87
-99
-50
-11
-1
-58
16
14
-2
-6
-17
2
-3
-13
-8
-25
-11
1
-10
21
-53
-15
5
-3
0
-52
-3
23
4
15
17
64
31
22
14
52
59
34
22
-24
25
-15
-48
-52
-31
-21
-77
-82
-14
0
-54
-89
-53
5
21
-30
-55
-30
-30
12
-14
3
2
-2
24
-32
-6
-18
1
-7
5
6
-31
-11
3
-19
14
10
-15
2
14
-3
-23
-24
20
-6
9
-7
-28
27
-12
2
-23
13
52
-11
0
35
8
55
-37
33
14
5
16
-14
43
29
-10
-40
1
23
12
-18
-16
-48
-2
-24
3
-30
-22
-8
-27
-39
-39
-14
-15
10
-19
-33
-42
13
-4
14
-33
-22
-1
3
-3
1
-46
33
23
-13
-5
-42
10
30
7
27
-66
1
8
6
5
-19
27
25
-12
-11
-15
15
11
-1
-9
-28
4
20
30
35
-47
25
39
21
-15
10
33
13
22
-12
18
47
18
-12
6
42
42
4
-25
-7
-4
-41
-21
6
4
-24
-37
-12
-26
6
-45
-51
-37
-22
14
-50
-31
-37
-4
24
-44
-11
-31
-19
29
10
2
20
26
-3
-15
-1
-8
-23
-26
0
-8
-41
-31
-24
-26
-29
-54
-21
0
-18
-16
4
2
12
-70
16
8
23
5
-8
7
15
27
44
28
-23
-9
21
59
4
9
20
-7
-16
4
16
-5
-72
-84
-9
-14
13
7
17
-15
-17
-13
8
10
-47
11
-14
-62
-39
-18
-12
-27
-6
-38
0
8
8
48
74
-47
10
-7
0
-5
31
40
17
14
-8
14
16
-5
-10
-10
10
-20
-11
-15
0
-24
5
-22
6
-10
17
15
24
21
11
19
10
-6
27
0
23
-13
-22
-16
-5
1
-40
-51
-76
-36
10
-34
-39
-25
3
10
-7
-1
9
0
-3
8
-5
30
31
-17
19
33
38
22
-23
1
-27
-40
-27
-78
-69
-51
-30
-22
-16
-15
-2
8
-7
5
14
13
-10
16
-21
-19
19
19
22
17
24
39
-5
-10
8
-1
-10
-18
-28
20
8
-5
-12
-40
-28
-1
-25
-51
-25
-50
-19
15
-2
-12
4
47
43
-36
-27
37
-4
-13
-11
10
20
-7
-29
-19
17
29
6
16
26
-12
10
26
7
12
8
31
-16
6
-23
-19
-21
5
-40
-21
-53
-9
-14
4
-3
-13
-78
-30
11
-6
-19
-81
-34
1
-15
5
-14
2
17
-19
3
28
2
-9
-3
16
-26
-39
-27
-35
13
-55
-17
10
-26
21
-17
-14
7
-22
-13
17
16
20
-6
13
5
-9
-2
7
5
43
-2
-14
-33
-29
19
-27
-3
31
-29
-23
-18
5
-7
20
6
15
26
-13
-10
15
-4
-15
4
16
3
20
-8
-31
-1
-23
28
20
-18
-8
-69
-6
34
18
-8
-44
-35
33
32
-35
-21
-18
2
8
-28
-8
8
0
-6
-43
-5
-35
-22
25
-4
-9
-127
-44
39
-30
-18
-89
-68
24
16
23
-43
-7
10
0
-24
11
15
2
-27
-60
-32
17
16
-38
-47
-42
37
52
-4
-5
-113
1
75
14
25
-55
-42
33
43
-20
0
20
-8
-42
10
-43
26
35
-62
27
-120
-31
26
-39
2
-68
-44
32
2
-8
-30
-11
26
29
15
1
37
-2
-34
18
-43
49
39
-19
10
-64
5
52
-20
6
-23
27
8
-4
-2
20
28
10
-15
22
11
-60
14
52
15
42
-9
-59
-19
0
37
39
-7
-40
-40
-24
7
14
3
-44
-54
-23
-9
0
21
-3
12
-10
-34
0
17
-20
-20
-6
-33
-24
-7
-10
-6
-28
-23
0
-25
-5
11
6
9
37
23
29
22
29
27
74
-20
19
33
40
64
-36
-52
-28
-5
-33
-5
-32
-15
-27
-56
16
-22
-25
-21
14
28
17
1
-34
-47
-21
-34
-14
-42
-59
16
23
1
17
16
-21
1
25
29
12
-4
4
17
25
18
5
3
8
18
30
17
0
9
13
14
-6
-28
12
-33
-33
33
21
-18
-15
-30
28
9
0
16
-5
-14
-6
-6
-7
-2
-39
-30
-30
-6
-36
-43
-41
-21
-61
-48
5
2
-7
-22
-20
-10
-9
11
31
6
60
60
38
45
4
20
11
33
12
10
-62
-25
-20
-52
-83
5
-19
-22
-32
21
32
-3
-29
-15
-30
-2
-17
-23
0
36
-26
-39
-12
7
34
-20
-33
-38
-21
-13
-13
-5
-2
-30
-25
28
8
19
-4
-16
-15
-20
9
7
-25
-27
-7
20
7
16
-23
-10
-17
-19
-17
-59
-71
-78
-68
-4
-45
-11
16
-24
-12
-8
34
4
10
24
0
-37
-4
-13
13
39
-29
-67
-55
-13
59
41
29
-10
-29
33
24
46
38
26
-46
-18
15
-3
-3
15
-3
18
43
13
12
19
2
-8
-1
-34
10
4
12
-23
-9
46
30
43
32
-24
9
-15
-27
10
-8
-28
-17
-7
-11
-1
-39
-55
-52
5
-29
-13
-4
-1
-3
9
19
30
9
8
21
2
-17
-1
18
23
70
59
47
40
-16
-15
-9
-6
44
37
-53
-55
-59
7
-6
27
22
9
-10
13
32
21
-1
-19
19
1
-7
8
10
7
9
16
10
-12
5
-15
0
26
12
-29
-9
-27
3
4
42
7
-4
-1
-27
-2
-52
-76
-7
18
-42
-1
-71
-25
41
40
12
-97
-27
13
20
-45
-37
21
20
-34
-33
-27
11
8
45
12
18
12
41
21
-5
-41
-17
35
-54
-100
-81
-6
3
-20
-52
-42
0
22
-18
-7
-11
28
0
-21
-19
-9
-6
0
-47
-1
-22
45
7
6
-19
-63
20
26
-20
-59
18
22
7
10
-34
-8
-6
3
-11
-29
5
26
22
-4
-16
-20
22
24
-25
-57
-38
36
13
-60
-26
3
27
27
1
-2
-7
-48
1
-23
12
25
-23
-48
45
43
42
-40
-49
34
10
-11
-27
-13
-30
-42
-50
-32
-17
-5
-27
-36
-4
-28
9
20
-32
-41
-42
39
36
27
-23
-34
8
17
20
-6
-38
-18
9
20
-2
-13
3
43
2
12
13
-3
10
23
-6
8
-36
-39
-14
5
-5
17
-8
8
-12
-28
9
-6
10
34
19
26
-22
-44
-79
-59
21
54
-2
-49
-10
17
70
24
-13
-10
-42
-3
55
20
-14
-8
-27
-26
24
10
-8
21
-23
-26
4
-4
31
61
36
-18
-116
-58
20
24
1
-38
-60
-24
31
-13
-65
-50
-27
29
12
16
18
-6
7
-18
-18
9
-5
-24
-38
7
-19
4
-13
-28
9
-23
19
8
-3
-21
11
-8
43
-5
-41
-70
45
48
20
-3
-19
3
22
-10
47
15
-11
-22
-49
5
23
16
-20
-47
-38
-22
-9
-40
-37
