-0.42421296 -0.42421296 -0.42421296 -0.42421296 -0.42421296 -0.42421296 -0.42421296 -0.42421296 -0.42421296 -0.42421296 -0.42421296 -0.42421296 -0.42421296 -0.42421296 -0.42421296 -0.42421296 -0.42421296 -0.42421296 -0.42421296 -0.42421296 -0.42421296 -0.42421296 -0.42421296 -0.42421296 -0.42421296 -0.42421296 -0.42421296 -0.42421296 -0.42421296 -0.42421296 -0.42421296 -0.42421296
-0.42421296 -0.42421296 -0.42421296 -0.42421296 -0.42421296 -0.42421296 -0.42421296 -0.42421296 -0.42421296 -0.42421296 -0.42421296 -0.42421296 -0.42421296 -0.42421296 -0.42421296 -0.42421296 -0.42421296 -0.42421296 -0.42421296 -0.42421296 -0.42421296 -0.42421296 -0.42421296 -0.42421296 -0.42421296 -0.42421296 -0.42421296 -0.42421296 -0.42421296 -0.42421296 -0.42421296 -0.42421296
-0.42421296 -0.42421296 -0.42421296 -0.42421296 -0.42421296 -0.42421296 -0.42421296 -0.42421296 -0.42421296 -0.42421296 -0.42421296 -0.42421296 -0.42421296 -0.42421296 -0.42421296 -0.42421296 -0.42421296 -0.42421296 -0.42421296 -0.42421296 -0.42421296 -0.42421296 -0.42421296 -0.42421296 -0.42421296 -0.42421296 -0.42421296 -0.42421296 -0.42421296 -0.42421296 -0.42421296 -0.42421296
-0.42421296 -0.42421296 -0.42421296 -0.42421296 -0.42421296 -0.42421296 -0.42421296 -0.42421296 -0.42421296 -0.42421296 -0.42421296 -0.42421296 -0.42421296 -0.42421296 -0.42421296 -0.42421296 -0.42421296 -0.42421296 -0.42421296 -0.42421296 -0.42421296 -0.42421296 -0.42421296 -0.42421296 -0.42421296 -0.42421296 -0.42421296 -0.42421296 -0.42421296 -0.42421296 -0.42421296 -0.42421296
-0.42421296 -0.42421296 -0.42421296 -0.42421296 -0.42421296 -0.42421296 -0.42421296 -0.42421296 -0.42421296 -0.42421296 -0.42421296 -0.42421296 -0.42421296 -0.42421296 -0.42421296 -0.42421296 -0.42421296 -0.42421296 -0.42421296 -0.42421296 -0.42421296 -0.42421296 -0.42421296 -0.42421296 -0.42421296 -0.42421296 -0.42421296 -0.42421296 -0.42421296 -0.42421296 -0.42421296 -0.42421296
-0.42421296 -0.42421296 -0.42421296 -0.42421296 -0.42421296 -0.42421296 -0.42421296 -0.42421296 -0.42421296 -0.42421296 -0.42421296 -0.42421296 -0.42421296 -0.42421296 -0.42421296 -0.42421296 -0.42421296 -0.42421296 -0.42421296 -0.42421296 -0.42421296 -0.42421296 -0.42421296 -0.42421296 -0.42421296 -0.42421296 -0.42421296 -0.42421296 -0.42421296 -0.42421296 -0.42421296 -0.42421296
-0.42421296 -0.42421296 -0.42421296 -0.42421296 -0.42421296 -0.42421296 -0.42421296 -0.42421296 -0.42421296 -0.42421296 -0.42421296 -0.42421296 -0.42421296 -0.42421296 -0.42421296 -0.42421296 -0.42421296 -0.42421296 -0.42421296 -0.42421296 -0.42421296 -0.42421296 -0.42421296 -0.42421296 -0.42421296 -0.42421296 -0.42421296 -0.42421296 -0.42421296 -0.42421296 -0.42421296 -0.42421296
-0.42421296 -0.42421296 -0.42421296 -0.42421296 -0.42421296 -0.42421296 -0.42421296 -0.42421296 -0.42421296 -0.42421296 -0.42421296 -0.42421296 -0.42421296 -0.42421296 -0.42421296 -0.42421296 -0.42421296 -0.42421296 -0.42421296 -0.42421296 -0.42421296 -0.42421296 -0.42421296 -0.42421296 -0.42421296 -0.42421296 -0.42421296 -0.42421296 -0.42421296 -0.42421296 -0.42421296 -0.42421296
-0.42421296 -0.42421296 -0.42421296 -0.42421296 -0.42421296 -0.42421296 -0.42421296 -0.42421296 -0.42421296 -0.42421296 -0.42421296 -0.42421296 -0.42421296 -0.42421296 -0.42421296 -0.42421296 -0.42421296 -0.42421296 -0.42421296 -0.42421296 -0.42421296 -0.42421296 -0.42421296 -0.42421296 -0.42421296 -0.42421296 -0.42421296 -0.42421296 -0.42421296 -0.42421296 -0.42421296 -0.42421296
-0.42421296 -0.42421296 -0.42421296 -0.42421296 -0.42421296 -0.42421296 -0.42421296 -0.42421296 -0.42421296 -0.42421296 1.75231516 1.93051040 1.75231516 1.80322802 1.89232564 2.08324909 2.31235743 2.40145493 2.45236802 2.33781385 1.15408802 -0.42421296 -0.42421296 -0.42421296 -0.42421296 -0.42421296 -0.42421296 -0.42421296 -0.42421296 -0.42421296 -0.42421296 -0.42421296
-0.42421296 -0.42421296 -0.42421296 -0.42421296 -0.42421296 -0.42421296 -0.42421296 -0.42421296 -0.42421296 -0.42421296 0.39039403 2.03233624 2.36327028 2.35054207 2.24871612 2.00687981 1.79049981 1.76504338 2.32508564 2.49055266 1.85414100 -0.42421296 -0.42421296 -0.42421296 -0.42421296 -0.42421296 -0.42421296 -0.42421296 -0.42421296 -0.42421296 -0.42421296 -0.42421296
-0.42421296 -0.42421296 -0.42421296 -0.42421296 -0.42421296 -0.42421296 -0.42421296 -0.42421296 -0.42421296 -0.42421296 -0.42421296 -0.42421296 -0.42421296 -0.42421296 -0.42421296 -0.42421296 -0.42421296 -0.33511534 2.26144433 2.49055266 0.77224106 -0.42421296 -0.42421296 -0.42421296 -0.42421296 -0.42421296 -0.42421296 -0.42421296 -0.42421296 -0.42421296 -0.42421296 -0.42421296
-0.42421296 -0.42421296 -0.42421296 -0.42421296 -0.42421296 -0.42421296 -0.42421296 -0.42421296 -0.42421296 -0.42421296 -0.42421296 -0.42421296 -0.42421296 -0.42421296 -0.42421296 -0.42421296 -0.42421296 0.74678457 2.47782445 2.27417278 -0.29693064 -0.42421296 -0.42421296 -0.42421296 -0.42421296 -0.42421296 -0.42421296 -0.42421296 -0.42421296 -0.42421296 -0.42421296 -0.42421296
-0.42421296 -0.42421296 -0.42421296 -0.42421296 -0.42421296 -0.42421296 -0.42421296 -0.42421296 -0.42421296 -0.42421296 -0.42421296 -0.42421296 -0.42421296 -0.42421296 -0.42421296 -0.42421296 -0.42421296 1.99415159 2.49055266 1.15408802 -0.42421296 -0.42421296 -0.42421296 -0.42421296 -0.42421296 -0.42421296 -0.42421296 -0.42421296 -0.42421296 -0.42421296 -0.42421296 -0.42421296
-0.42421296 -0.42421296 -0.42421296 -0.42421296 -0.42421296 -0.42421296 -0.42421296 -0.42421296 -0.42421296 -0.42421296 -0.42421296 -0.42421296 -0.42421296 -0.42421296 -0.42421296 -0.42421296 0.22492696 2.50328088 2.43963981 -0.01690946 -0.42421296 -0.42421296 -0.42421296 -0.42421296 -0.42421296 -0.42421296 -0.42421296 -0.42421296 -0.42421296 -0.42421296 -0.42421296 -0.42421296
-0.42421296 -0.42421296 -0.42421296 -0.42421296 -0.42421296 -0.42421296 -0.42421296 -0.42421296 -0.42421296 -0.42421296 -0.42421296 -0.42421296 -0.42421296 -0.42421296 -0.42421296 -0.42421296 1.34501171 2.47782445 1.53593516 -0.42421296 -0.42421296 -0.42421296 -0.42421296 -0.42421296 -0.42421296 -0.42421296 -0.42421296 -0.42421296 -0.42421296 -0.42421296 -0.42421296 -0.42421296
-0.42421296 -0.42421296 -0.42421296 -0.42421296 -0.42421296 -0.42421296 -0.42421296 -0.42421296 -0.42421296 -0.42421296 -0.42421296 -0.42421296 -0.42421296 -0.42421296 -0.42421296 -0.30965886 2.32508564 2.46509624 0.26311168 -0.42421296 -0.42421296 -0.42421296 -0.42421296 -0.42421296 -0.42421296 -0.42421296 -0.42421296 -0.42421296 -0.42421296 -0.42421296 -0.42421296 -0.42421296
-0.42421296 -0.42421296 -0.42421296 -0.42421296 -0.42421296 -0.42421296 -0.42421296 -0.42421296 -0.42421296 -0.42421296 -0.42421296 -0.42421296 -0.42421296 -0.42421296 -0.42421296 0.50494814 2.51600909 2.08324909 -0.41148472 -0.42421296 -0.42421296 -0.42421296 -0.42421296 -0.42421296 -0.42421296 -0.42421296 -0.42421296 -0.42421296 -0.42421296 -0.42421296 -0.42421296 -0.42421296
-0.42421296 -0.42421296 -0.42421296 -0.42421296 -0.42421296 -0.42421296 -0.42421296 -0.42421296 -0.42421296 -0.42421296 -0.42421296 -0.42421296 -0.42421296 -0.42421296 -0.42421296 1.49775052 2.51600909 1.12863147 -0.42421296 -0.42421296 -0.42421296 -0.42421296 -0.42421296 -0.42421296 -0.42421296 -0.42421296 -0.42421296 -0.42421296 -0.42421296 -0.42421296 -0.42421296 -0.42421296
-0.42421296 -0.42421296 -0.42421296 -0.42421296 -0.42421296 -0.42421296 -0.42421296 -0.42421296 -0.42421296 -0.42421296 -0.42421296 -0.42421296 -0.42421296 -0.42421296 -0.36057180 2.28690100 2.47782445 0.14855757 -0.42421296 -0.42421296 -0.42421296 -0.42421296 -0.42421296 -0.42421296 -0.42421296 -0.42421296 -0.42421296 -0.42421296 -0.42421296 -0.42421296 -0.42421296 -0.42421296
-0.42421296 -0.42421296 -0.42421296 -0.42421296 -0.42421296 -0.42421296 -0.42421296 -0.42421296 -0.42421296 -0.42421296 -0.42421296 -0.42421296 -0.42421296 -0.42421296 0.26311168 2.47782445 2.13416219 -0.42421296 -0.42421296 -0.42421296 -0.42421296 -0.42421296 -0.42421296 -0.42421296 -0.42421296 -0.42421296 -0.42421296 -0.42421296 -0.42421296 -0.42421296 -0.42421296 -0.42421296
-0.42421296 -0.42421296 -0.42421296 -0.42421296 -0.42421296 -0.42421296 -0.42421296 -0.42421296 -0.42421296 -0.42421296 -0.42421296 -0.42421296 -0.42421296 -0.42421296 1.01407743 2.46509624 1.34501171 -0.42421296 -0.42421296 -0.42421296 -0.42421296 -0.42421296 -0.42421296 -0.42421296 -0.42421296 -0.42421296 -0.42421296 -0.42421296 -0.42421296 -0.42421296 -0.42421296 -0.42421296
-0.42421296 -0.42421296 -0.42421296 -0.42421296 -0.42421296 -0.42421296 -0.42421296 -0.42421296 -0.42421296 -0.42421296 -0.42421296 -0.42421296 -0.42421296 -0.42421296 1.63776100 2.43963981 0.58131754 -0.42421296 -0.42421296 -0.42421296 -0.42421296 -0.42421296 -0.42421296 -0.42421296 -0.42421296 -0.42421296 -0.42421296 -0.42421296 -0.42421296 -0.42421296 -0.42421296 -0.42421296
-0.42421296 -0.42421296 -0.42421296 -0.42421296 -0.42421296 -0.42421296 -0.42421296 -0.42421296 -0.42421296 -0.42421296 -0.42421296 -0.42421296 -0.42421296 -0.42421296 2.19780326 2.42691135 -0.02963771 -0.42421296 -0.42421296 -0.42421296 -0.42421296 -0.42421296 -0.42421296 -0.42421296 -0.42421296 -0.42421296 -0.42421296 -0.42421296 -0.42421296 -0.42421296 -0.42421296 -0.42421296
-0.42421296 -0.42421296 -0.42421296 -0.42421296 -0.42421296 -0.42421296 -0.42421296 -0.42421296 -0.42421296 -0.42421296 -0.42421296 -0.42421296 -0.42421296 -0.10600711 2.45236802 2.27417278 -0.39875650 -0.42421296 -0.42421296 -0.42421296 -0.42421296 -0.42421296 -0.42421296 -0.42421296 -0.42421296 -0.42421296 -0.42421296 -0.42421296 -0.42421296 -0.42421296 -0.42421296 -0.42421296
-0.42421296 -0.42421296 -0.42421296 -0.42421296 -0.42421296 -0.42421296 -0.42421296 -0.42421296 -0.42421296 -0.42421296 -0.42421296 -0.42421296 -0.42421296 0.31402460 2.46509624 1.48502219 -0.42421296 -0.42421296 -0.42421296 -0.42421296 -0.42421296 -0.42421296 -0.42421296 -0.42421296 -0.42421296 -0.42421296 -0.42421296 -0.42421296 -0.42421296 -0.42421296 -0.42421296 -0.42421296
-0.42421296 -0.42421296 -0.42421296 -0.42421296 -0.42421296 -0.42421296 -0.42421296 -0.42421296 -0.42421296 -0.42421296 -0.42421296 -0.42421296 -0.42421296 0.72132808 2.46509624 0.79769748 -0.42421296 -0.42421296 -0.42421296 -0.42421296 -0.42421296 -0.42421296 -0.42421296 -0.42421296 -0.42421296 -0.42421296 -0.42421296 -0.42421296 -0.42421296 -0.42421296 -0.42421296 -0.42421296
-0.42421296 -0.42421296 -0.42421296 -0.42421296 -0.42421296 -0.42421296 -0.42421296 -0.42421296 -0.42421296 -0.42421296 -0.42421296 -0.42421296 -0.42421296 1.03953385 2.50328088 0.17401403 -0.42421296 -0.42421296 -0.42421296 -0.42421296 -0.42421296 -0.42421296 -0.42421296 -0.42421296 -0.42421296 -0.42421296 -0.42421296 -0.42421296 -0.42421296 -0.42421296 -0.42421296 -0.42421296
-0.42421296 -0.42421296 -0.42421296 -0.42421296 -0.42421296 -0.42421296 -0.42421296 -0.42421296 -0.42421296 -0.42421296 -0.42421296 -0.42421296 -0.42421296 0.69587165 1.75231516 -0.37330002 -0.42421296 -0.42421296 -0.42421296 -0.42421296 -0.42421296 -0.42421296 -0.42421296 -0.42421296 -0.42421296 -0.42421296 -0.42421296 -0.42421296 -0.42421296 -0.42421296 -0.42421296 -0.42421296
-0.42421296 -0.42421296 -0.42421296 -0.42421296 -0.42421296 -0.42421296 -0.42421296 -0.42421296 -0.42421296 -0.42421296 -0.42421296 -0.42421296 -0.42421296 -0.42421296 -0.42421296 -0.42421296 -0.42421296 -0.42421296 -0.42421296 -0.42421296 -0.42421296 -0.42421296 -0.42421296 -0.42421296 -0.42421296 -0.42421296 -0.42421296 -0.42421296 -0.42421296 -0.42421296 -0.42421296 -0.42421296
-0.42421296 -0.42421296 -0.42421296 -0.42421296 -0.42421296 -0.42421296 -0.42421296 -0.42421296 -0.42421296 -0.42421296 -0.42421296 -0.42421296 -0.42421296 -0.42421296 -0.42421296 -0.42421296 -0.42421296 -0.42421296 -0.42421296 -0.42421296 -0.42421296 -0.42421296 -0.42421296 -0.42421296 -0.42421296 -0.42421296 -0.42421296 -0.42421296 -0.42421296 -0.42421296 -0.42421296 -0.42421296
-0.42421296 -0.42421296 -0.42421296 -0.42421296 -0.42421296 -0.42421296 -0.42421296 -0.42421296 -0.42421296 -0.42421296 -0.42421296 -0.42421296 -0.42421296 -0.42421296 -0.42421296 -0.42421296 -0.42421296 -0.42421296 -0.42421296 -0.42421296 -0.42421296 -0.42421296 -0.42421296 -0.42421296 -0.42421296 -0.42421296 -0.42421296 -0.42421296 -0.42421296 -0.42421296 -0.42421296 -0.42421296
